114,0
131,0
5,0
43,0
78,0
120,0
141,0
51,0
46,0
128,0
91,0
39,0
130,0
35,0
80,0
56,0
111,0
134,0
13,0
138,0
138,0
28,0
1,0
88,0
17,0
108,0
13,0
110,0
95,0
94,0
52,0
7,0
97,0
113,0
47,0
128,0
127,0
135,0
64,0
145,0
24,0
143,0
24,0
83,0
123,0
33,0
133,0
14,0
144,0
13,0
140,0
114,0
30,0
10,0
82,0
62,0
134,0
64,0
59,0
53,0
149,0
90,0
42,0
32,0
111,0
127,0
50,0
53,0
150,0
33,0
83,0
44,0
43,0
87,0
148,0
34,0
33,0
76,0
60,0
73,0
142,0
127,0
52,0
47,0
129,0
58,0
61,0
139,0
7,0
85,0
100,0
22,0
133,0
129,0
1,0
111,0
10,0
76,0
127,0
32,0
36,0
94,0
13,0
56,0
19,0
51,0
128,0
5,0
137,0
16,0
22,0
123,0
7,0
118,0
57,0
47,0
127,0
124,0
86,0
31,0
113,0
92,0
40,0
33,0
53,0
125,0
123,0
5,0
36,0
25,0
87,0
47,0
124,0
122,0
17,0
84,0
145,0
128,0
119,0
40,0
81,0
126,0
12,0
29,0
18,0
13,0
128,0
109,0
56,0
140,0
20,0
110,0
54,0
97,0
21,0
106,0
123,0
77,0
148,0
15,0
90,0
146,0
25,0
42,0
29,0
148,0
149,0
151,0
14,0
127,0
122,0
74,0
137,0
103,0
125,0
10,0
116,0
104,0
36,0
149,0
122,0
134,0
116,0
87,0
69,0
7,0
96,0
11,0
26,0
127,0
128,0
118,0
80,0
25,0
142,0
102,0
89,0
17,0
109,0
151,0
19,0
124,0
108,0
59,0
56,0
115,0
149,0
127,0
64,0
53,0
13,0
121,0
29,0
138,0
84,0
28,0
10,0
137,0
124,0
124,0
8,0
67,0
101,0
1,0
97,0
127,0
88,0
120,0
29,0
110,0
10,0
95,0
68,0
106,0
123,0
122,0
113,0
125,0
144,0
89,0
110,0
7,0
127,0
110,0
107,0
56,0
124,0
126,0
130,0
150,0
19,0
110,0
134,0
24,0
12,0
6,0
1,0
33,0
56,0
83,0
1,0
10,0
65,0
42,0
46,0
32,0
117,0
144,0
41,0
128,0
116,0
120,0
117,0
141,0
16,0
77,0
17,0
32,0
8,0
143,0
51,0
124,0
4,0
126,0
10,0
111,0
14,0
29,0
21,0
86,0
28,0
104,0
41,0
127,0
101,0
70,0
134,0
64,0
138,0
129,0
113,0
94,0
88,0
118,0
65,0
87,0
49,0
101,0
81,0
117,0
33,0
113,0
21,0
84,0
139,0
28,0
81,0
22,0
83,0
115,0
2,0
54,0
79,0
54,0
88,0
28,0
17,0
123,0
62,0
77,0
105,0
77,0
118,0
108,0
14,0
88,0
42,0
84,0
89,0
6,0
24,0
30,0
77,0
130,0
68,0
151,0
122,0
61,0
46,0
47,0
6,0
19,0
112,0
24,0
5,0
7,0
151,0
126,0
88,0
53,0
66,0
58,0
18,0
46,0
128,0
128,0
25,0
124,0
2,0
65,0
32,0
17,0
59,0
96,0
15,0
90,0
54,0
36,0
8,0
147,0
54,0
13,0
123,0
33,0
104,0
134,0
124,0
14,0
45,0
56,0
57,0
77,0
110,0
84,0
133,0
129,0
51,0
144,0
79,0
128,0
138,0
128,0
19,0
5,0
16,0
142,0
127,0
98,0
0,0
46,0
131,0
59,0
124,0
127,0
49,0
47,0
29,0
12,0
95,0
117,0
108,0
94,0
11,0
123,0
45,0
123,0
7,0
21,0
96,0
38,0
3,0
68,0
154,0
102,0
73,0
145,0
34,0
70,0
13,0
36,0
6,0
142,0
138,0
56,0
85,0
97,0
54,0
79,0
133,0
126,0
69,0
33,0
148,0
113,0
46,0
21,0
36,0
80,0
46,0
122,0
137,0
123,0
10,0
46,0
27,0
18,0
149,0
137,0
61,0
30,0
133,0
28,0
62,0
94,0
102,0
151,0
144,0
6,0
18,0
36,0
110,0
1,0
47,0
127,0
127,0
58,0
64,0
30,0
148,0
50,0
8,0
140,0
26,0
16,0
143,0
84,0
59,0
123,0
143,0
58,0
109,0
124,0
123,0
30,0
145,0
97,0
128,0
4,0
123,0
12,0
142,0
140,0
16,0
11,0
149,0
54,0
85,0
129,0
140,0
111,0
122,0
53,0
31,0
53,0
69,0
132,0
30,0
59,0
31,0
66,0
102,0
35,0
18,0
68,0
63,0
67,0
34,0
25,0
46,0
66,0
126,0
123,0
122,0
29,0
134,0
81,0
14,0
119,0
117,0
42,0
123,0
118,0
139,0
23,0
101,0
77,0
46,0
131,0
124,0
34,0
59,0
83,0
5,0
24,0
143,0
69,0
4,0
93,0
31,0
56,0
74,0
82,0
37,0
128,0
134,0
127,0
33,0
35,0
54,0
28,0
127,0
1,0
105,0
62,0
148,0
109,0
75,0
142,0
46,0
46,0
150,0
107,0
32,0
76,0
75,0
128,0
72,0
66,0
24,0
58,0
124,0
59,0
129,0
1,0
124,0
141,0
29,0
105,0
40,0
126,0
58,0
37,0
4,0
23,0
118,0
28,0
124,0
151,0
47,0
5,0
35,0
120,0
53,0
38,0
10,0
100,0
94,0
50,0
95,0
59,0
53,0
10,0
128,0
153,0
142,0
66,0
121,0
87,0
67,0
1,0
46,0
48,0
141,0
146,0
124,0
97,0
47,0
46,0
128,0
51,0
115,0
110,0
32,0
56,0
43,0
127,0
79,0
12,0
87,0
63,0
129,0
123,0
124,0
29,0
116,0
122,0
51,0
64,0
123,0
5,0
54,0
124,0
66,0
93,0
27,0
123,0
136,0
149,0
19,0
111,0
128,0
109,0
59,0
44,0
31,0
128,0
123,0
6,0
72,0
37,0
128,0
150,0
124,0
123,0
115,0
40,0
148,0
55,0
127,0
143,0
88,0
7,0
62,0
128,0
83,0
148,0
150,0
8,0
141,0
2,0
116,0
78,0
56,0
14,0
6,0
139,0
120,0
56,0
123,0
126,0
62,0
32,0
114,0
59,0
141,0
127,0
7,0
46,0
41,0
36,0
26,0
30,0
22,0
118,0
12,0
46,0
32,0
142,0
128,0
144,0
26,0
20,0
95,0
51,0
6,0
24,0
21,0
41,0
47,0
110,0
9,0
31,0
13,0
111,0
120,0
93,0
97,0
4,0
122,0
91,0
12,0
134,0
95,0
47,0
29,0
66,0
0,0
13,0
6,0
41,0
123,0
133,0
149,0
53,0
90,0
31,0
98,0
113,0
116,0
0,0
51,0
96,0
7,0
112,0
57,0
94,0
56,0
91,0
0,0
143,0
37,0
100,0
49,0
133,0
29,0
113,0
46,0
5,0
63,0
139,0
120,0
32,0
124,0
57,0
141,0
83,0
4,0
104,0
123,0
1,0
47,0
105,0
10,0
88,0
41,0
74,0
46,0
92,0
53,0
127,0
18,0
53,0
58,0
151,0
89,0
134,0
21,0
29,0
34,0
23,0
127,0
148,0
86,0
126,0
106,0
128,0
100,0
8,0
8,0
8,0
87,0
93,0
125,0
76,0
134,0
74,0
124,0
17,0
1,0
33,0
65,0
46,0
79,0
32,0
111,0
53,0
99,0
110,0
128,0
30,0
60,0
83,0
126,0
40,0
112,0
133,0
18,0
12,0
57,0
76,0
123,0
100,0
31,0
89,0
129,0
129,0
88,0
21,0
60,0
31,0
58,0
30,0
63,0
69,0
127,0
124,0
134,0
67,0
128,0
46,0
46,0
110,0
1,0
132,0
17,0
11,0
9,0
150,0
10,0
0,0
124,0
105,0
145,0
72,0
127,0
122,0
9,0
91,0
82,0
115,0
0,0
11,0
58,0
73,0
126,0
75,0
107,0
125,0
97,0
17,0
101,0
136,0
90,0
48,0
110,0
79,0
61,0
109,0
37,0
70,0
97,0
142,0
111,0
99,0
32,0
115,0
85,0
48,0
64,0
88,0
107,0
53,0
11,0
93,0
35,0
133,0
113,0
139,0
5,0
118,0
89,0
52,0
129,0
22,0
81,0
15,0
13,0
79,0
125,0
44,0
111,0
132,0
15,0
69,0
125,0
151,0
57,0
98,0
134,0
144,0
39,0
124,0
151,0
108,0
81,0
78,0
105,0
113,0
118,0
97,0
119,0
128,0
26,0
101,0
41,0
148,0
5,0
14,0
128,0
40,0
130,0
61,0
34,0
43,0
111,0
130,0
124,0
72,0
128,0
111,0
105,0
8,0
74,0
32,0
18,0
88,0
134,0
127,0
21,0
76,0
40,0
74,0
20,0
4,0
148,0
29,0
130,0
125,0
117,0
126,0
93,0
87,0
127,0
52,0
23,0
121,0
32,0
150,0
128,0
48,0
7,0
90,0
18,0
128,0
32,0
53,0
88,0
30,0
124,0
117,0
24,0
76,0
5,0
123,0
46,0
67,0
33,0
147,0
88,0
37,0
46,0
100,0
6,0
47,0
113,0
8,0
17,0
29,0
117,0
142,0
22,0
149,0
140,0
0,0
6,0
127,0
117,0
139,0
64,0
136,0
97,0
151,0
58,0
45,0
128,0
139,0
114,0
6,0
141,0
105,0
41,0
141,0
79,0
7,0
13,0
45,0
15,0
108,0
31,0
34,0
17,0
110,0
36,0
87,0
126,0
43,0
141,0
40,0
91,0
103,0
35,0
137,0
7,0
50,0
117,0
118,0
14,0
39,0
146,0
131,0
88,0
150,0
46,0
140,0
66,0
128,0
134,0
126,0
96,0
21,0
89,0
120,0
103,0
32,0
17,0
147,0
133,0
58,0
46,0
71,0
110,0
128,0
8,0
80,0
58,0
56,0
84,0
138,0
51,0
66,0
17,0
53,0
82,0
123,0
111,0
133,0
133,0
59,0
66,0
7,0
90,0
16,0
129,0
128,0
142,0
112,0
123,0
18,0
94,0
134,0
134,0
48,0
107,0
124,0
48,0
127,0
139,0
128,0
46,0
118,0
75,0
6,0
134,0
139,0
82,0
22,0
92,0
69,0
10,0
123,0
124,0
148,0
28,0
124,0
147,0
143,0
85,0
101,0
16,0
12,0
50,0
134,0
127,0
29,0
139,0
114,0
16,0
10,0
115,0
48,0
63,0
37,0
117,0
46,0
61,0
134,0
135,0
134,0
35,0
24,0
88,0
105,0
14,0
70,0
94,0
128,0
70,0
60,0
14,0
64,0
24,0
122,0
24,0
24,0
95,0
105,0
58,0
123,0
5,0
17,0
16,0
129,0
37,0
119,0
6,0
8,0
78,0
106,0
30,0
136,0
141,0
122,0
48,0
108,0
7,0
95,0
134,0
2,0
10,0
69,0
3,0
42,0
127,0
51,0
142,0
123,0
71,0
98,0
127,0
127,0
122,0
75,0
112,0
139,0
56,0
49,0
112,0
74,0
97,0
142,0
25,0
142,0
41,0
149,0
149,0
102,0
34,0
10,0
99,0
127,0
7,0
30,0
2,0
47,0
131,0
148,0
97,0
66,0
109,0
54,0
10,0
65,0
123,0
112,0
136,0
78,0
115,0
92,0
43,0
85,0
112,0
104,0
82,0
127,0
127,0
89,0
17,0
11,0
15,0
123,0
48,0
81,0
74,0
145,0
111,0
149,0
140,0
85,0
127,0
117,0
139,0
123,0
150,0
110,0
42,0
64,0
138,0
4,0
134,0
127,0
128,0
114,0
44,0
149,0
98,0
114,0
117,0
46,0
31,0
128,0
68,0
128,0
6,0
106,0
66,0
71,0
46,0
128,0
100,0
111,0
128,0
127,0
7,0
89,0
6,0
68,0
118,0
43,0
130,0
79,0
36,0
4,0
139,0
29,0
42,0
77,0
84,0
97,0
60,0
4,0
74,0
72,0
48,0
127,0
66,0
102,0
49,0
128,0
10,0
54,0
30,0
101,0
77,0
137,0
15,0
6,0
74,0
31,0
72,0
33,0
47,0
95,0
149,0
42,0
79,0
123,0
58,0
79,0
151,0
123,0
45,0
13,0
103,0
85,0
125,0
9,0
123,0
5,0
66,0
139,0
127,0
130,0
148,0
133,0
151,0
151,0
94,0
24,0
110,0
55,0
128,0
75,0
26,0
87,0
51,0
39,0
65,0
149,0
123,0
40,0
13,0
89,0
146,0
67,0
124,0
128,0
114,0
122,0
54,0
89,0
129,0
17,0
124,0
66,0
128,0
64,0
35,0
4,0
38,0
42,0
5,0
142,0
128,0
110,0
63,0
133,0
130,0
38,0
67,0
25,0
19,0
135,0
149,0
6,0
142,0
9,0
134,0
54,0
97,0
42,0
77,0
112,0
7,0
126,0
17,0
2,0
27,0
41,0
107,0
126,0
59,0
97,0
127,0
26,0
133,0
124,0
48,0
84,0
125,0
142,0
31,0
116,0
37,0
128,0
27,0
5,0
83,0
60,0
123,0
44,0
48,0
49,0
79,0
59,0
92,0
91,0
48,0
15,0
134,0
102,0
134,0
137,0
9,0
124,0
152,0
112,0
109,0
103,0
128,0
129,0
93,0
123,0
100,0
123,0
127,0
110,0
118,0
42,0
122,0
94,0
24,0
82,0
14,0
128,0
63,0
12,0
13,0
142,0
69,0
97,0
104,0
17,0
13,0
144,0
88,0
13,0
46,0
133,0
50,0
109,0
117,0
142,0
128,0
44,0
66,0
21,0
46,0
44,0
79,0
36,0
148,0
41,0
7,0
132,0
116,0
128,0
33,0
148,0
44,0
108,0
78,0
118,0
123,0
60,0
36,0
54,0
102,0
38,0
102,0
77,0
10,0
54,0
108,0
62,0
127,0
4,0
84,0
148,0
18,0
120,0
128,0
2,0
128,0
42,0
5,0
54,0
28,0
17,0
127,0
52,0
91,0
22,0
64,0
142,0
128,0
48,0
152,0
128,0
123,0
50,0
137,0
127,0
131,0
30,0
142,0
28,0
48,0
19,0
89,0
124,0
12,0
110,0
60,0
109,0
87,0
127,0
102,0
84,0
36,0
53,0
66,0
108,0
104,0
105,0
119,0
98,0
112,0
103,0
74,0
64,0
10,0
95,0
18,0
23,0
30,0
105,0
45,0
110,0
46,0
52,0
22,0
34,0
61,0
152,0
72,0
150,0
72,0
65,0
73,0
101,0
123,0
127,0
46,0
12,0
61,0
21,0
58,0
124,0
112,0
66,0
142,0
140,0
134,0
58,0
122,0
5,0
130,0
72,0
103,0
80,0
23,0
19,0
128,0
81,0
22,0
134,0
15,0
117,0
5,0
124,0
11,0
27,0
40,0
119,0
41,0
65,0
66,0
79,0
108,0
127,0
148,0
71,0
128,0
25,0
76,0
140,0
126,0
146,0
129,0
85,0
140,0
66,0
143,0
111,0
60,0
9,0
19,0
118,0
52,0
143,0
99,0
122,0
93,0
42,0
122,0
46,0
10,0
120,0
47,0
35,0
31,0
122,0
11,0
117,0
130,0
50,0
74,0
136,0
56,0
9,0
116,0
14,0
1,0
90,0
146,0
128,0
142,0
139,0
133,0
31,0
95,0
7,0
150,0
44,0
17,0
79,0
96,0
15,0
124,0
46,0
102,0
111,0
128,0
13,0
14,0
114,0
54,0
117,0
98,0
128,0
84,0
18,0
128,0
100,0
36,0
70,0
65,0
87,0
7,0
108,0
37,0
72,0
19,0
55,0
93,0
147,0
149,0
123,0
2,0
18,0
123,0
76,0
32,0
32,0
128,0
17,0
70,0
102,0
114,0
143,0
46,0
128,0
133,0
41,0
137,0
17,0
50,0
35,0
8,0
142,0
95,0
28,0
52,0
36,0
30,0
45,0
142,0
120,0
134,0
25,0
152,0
52,0
59,0
84,0
128,0
18,0
142,0
134,0
124,0
25,0
127,0
116,0
5,0
28,0
141,0
67,0
8,0
126,0
46,0
71,0
79,0
7,0
134,0
89,0
54,0
36,0
4,0
56,0
95,0
87,0
70,0
14,0
141,0
85,0
134,0
67,0
17,0
102,0
143,0
14,0
1,0
134,0
122,0
41,0
50,0
86,0
112,0
6,0
125,0
18,0
48,0
72,0
126,0
33,0
15,0
115,0
16,0
17,0
51,0
25,0
29,0
88,0
53,0
48,0
1,0
25,0
7,0
138,0
151,0
65,0
22,0
109,0
142,0
26,0
36,0
30,0
88,0
137,0
72,0
104,0
97,0
105,0
62,0
134,0
53,0
76,0
12,0
18,0
99,0
116,0
0,0
128,0
15,0
133,0
79,0
33,0
2,0
7,0
23,0
134,0
30,0
131,0
32,0
52,0
83,0
142,0
88,0
0,0
85,0
118,0
83,0
25,0
39,0
114,0
128,0
23,0
58,0
53,0
83,0
18,0
110,0
33,0
54,0
101,0
46,0
122,0
95,0
46,0
66,0
68,0
96,0
47,0
79,0
61,0
35,0
19,0
46,0
115,0
105,0
52,0
127,0
41,0
13,0
80,0
127,0
91,0
123,0
50,0
11,0
82,0
122,0
122,0
111,0
120,0
21,0
122,0
45,0
92,0
146,0
123,0
95,0
104,0
125,0
66,0
123,0
46,0
8,0
48,0
60,0
124,0
9,0
139,0
36,0
137,0
66,0
71,0
151,0
128,0
45,0
93,0
124,0
112,0
8,0
28,0
60,0
6,0
127,0
92,0
71,0
30,0
124,0
91,0
124,0
6,0
96,0
38,0
37,0
146,0
102,0
122,0
52,0
39,0
20,0
51,0
36,0
60,0
68,0
26,0
77,0
108,0
0,0
59,0
143,0
6,0
57,0
2,0
7,0
30,0
138,0
145,0
26,0
0,0
149,0
150,0
145,0
4,0
1,0
122,0
85,0
37,0
91,0
134,0
20,0
133,0
91,0
54,0
7,0
138,0
128,0
97,0
119,0
102,0
100,0
120,0
134,0
47,0
26,0
88,0
122,0
73,0
133,0
71,0
27,0
87,0
128,0
57,0
117,0
61,0
3,0
5,0
40,0
99,0
104,0
22,0
75,0
85,0
64,0
22,0
32,0
48,0
135,0
109,0
111,0
128,0
5,0
39,0
122,0
86,0
70,0
84,0
31,0
50,0
109,0
26,0
144,0
5,0
30,0
7,0
112,0
113,0
122,0
133,0
142,0
22,0
56,0
6,0
6,0
1,0
130,0
40,0
54,0
97,0
46,0
124,0
51,0
134,0
105,0
20,0
150,0
74,0
118,0
19,0
7,0
111,0
28,0
98,0
108,0
43,0
12,0
69,0
26,0
126,0
26,0
13,0
103,0
16,0
145,0
135,0
104,0
1,0
48,0
22,0
6,0
80,0
115,0
82,0
120,0
27,0
14,0
43,0
54,0
72,0
102,0
71,0
18,0
105,0
16,0
67,0
64,0
143,0
36,0
85,0
126,0
139,0
134,0
143,0
104,0
151,0
81,0
77,0
105,0
21,0
104,0
132,0
141,0
44,0
53,0
119,0
101,0
11,0
102,0
12,0
1,0
6,0
142,0
7,0
11,0
44,0
69,0
99,0
81,0
136,0
14,0
23,0
127,0
100,0
8,0
67,0
87,0
117,0
88,0
101,0
134,0
57,0
117,0
115,0
122,0
122,0
18,0
48,0
127,0
76,0
10,0
127,0
58,0
126,0
143,0
97,0
34,0
116,0
45,0
95,0
11,0
137,0
30,0
148,0
20,0
30,0
123,0
124,0
62,0
136,0
106,0
6,0
25,0
122,0
122,0
13,0
53,0
113,0
64,0
87,0
10,0
30,0
69,0
106,0
141,0
72,0
61,0
110,0
4,0
137,0
59,0
3,0
125,0
124,0
54,0
128,0
100,0
136,0
140,0
115,0
129,0
46,0
33,0
121,0
148,0
6,0
58,0
24,0
117,0
54,0
128,0
151,0
24,0
23,0
28,0
5,0
55,0
134,0
126,0
79,0
128,0
106,0
143,0
97,0
47,0
151,0
3,0
124,0
128,0
95,0
134,0
68,0
42,0
46,0
120,0
88,0
4,0
128,0
132,0
114,0
150,0
127,0
21,0
59,0
67,0
27,0
20,0
70,0
81,0
18,0
118,0
97,0
8,0
103,0
48,0
143,0
128,0
47,0
152,0
138,0
134,0
66,0
30,0
130,0
150,0
32,0
128,0
109,0
17,0
23,0
6,0
54,0
6,0
9,0
28,0
148,0
141,0
97,0
4,0
10,0
12,0
134,0
89,0
12,0
93,0
6,0
122,0
103,0
129,0
47,0
122,0
114,0
79,0
85,0
49,0
99,0
57,0
102,0
51,0
52,0
97,0
107,0
92,0
2,0
114,0
56,0
66,0
141,0
46,0
139,0
7,0
136,0
20,0
122,0
71,0
42,0
17,0
36,0
50,0
141,0
143,0
95,0
101,0
83,0
73,0
83,0
68,0
140,0
102,0
46,0
143,0
111,0
56,0
46,0
54,0
48,0
111,0
117,0
115,0
31,0
116,0
0,0
123,0
134,0
17,0
53,0
74,0
81,0
50,0
110,0
18,0
91,0
31,0
142,0
97,0
64,0
65,0
37,0
143,0
76,0
99,0
18,0
78,0
56,0
109,0
92,0
30,0
56,0
134,0
48,0
30,0
89,0
58,0
128,0
85,0
83,0
115,0
12,0
57,0
42,0
41,0
53,0
79,0
11,0
134,0
56,0
128,0
20,0
25,0
142,0
80,0
46,0
13,0
29,0
35,0
99,0
38,0
24,0
122,0
10,0
3,0
93,0
76,0
87,0
124,0
122,0
42,0
115,0
25,0
120,0
19,0
11,0
5,0
88,0
40,0
87,0
86,0
101,0
53,0
72,0
106,0
72,0
122,0
50,0
26,0
124,0
39,0
73,0
34,0
90,0
128,0
69,0
133,0
36,0
3,0
46,0
47,0
127,0
123,0
19,0
100,0
49,0
113,0
124,0
71,0
51,0
124,0
39,0
11,0
97,0
135,0
150,0
89,0
3,0
128,0
61,0
81,0
4,0
39,0
17,0
56,0
45,0
20,0
100,0
134,0
38,0
115,0
140,0
148,0
95,0
65,0
46,0
96,0
102,0
110,0
45,0
36,0
15,0
127,0
10,0
142,0
148,0
6,0
127,0
19,0
145,0
33,0
106,0
14,0
25,0
134,0
16,0
111,0
150,0
99,0
151,0
146,0
93,0
133,0
28,0
151,0
35,0
14,0
124,0
142,0
116,0
100,0
11,0
21,0
75,0
111,0
35,0
89,0
20,0
41,0
84,0
39,0
42,0
134,0
38,0
123,0
124,0
68,0
34,0
106,0
149,0
126,0
87,0
14,0
3,0
90,0
132,0
123,0
49,0
92,0
116,0
1,0
82,0
6,0
7,0
89,0
87,0
1,0
48,0
50,0
28,0
123,0
92,0
82,0
24,0
122,0
89,0
127,0
133,0
129,0
24,0
111,0
127,0
15,0
39,0
128,0
128,0
114,0
67,0
123,0
128,0
118,0
60,0
122,0
14,0
129,0
134,0
126,0
142,0
75,0
72,0
48,0
45,0
10,0
149,0
130,0
142,0
127,0
128,0
10,0
65,0
146,0
6,0
25,0
78,0
134,0
90,0
51,0
55,0
55,0
2,0
16,0
28,0
85,0
101,0
92,0
30,0
64,0
5,0
62,0
142,0
50,0
124,0
41,0
149,0
10,0
8,0
102,0
126,0
21,0
135,0
134,0
117,0
118,0
142,0
3,0
19,0
70,0
124,0
110,0
123,0
93,0
47,0
128,0
7,0
33,0
136,0
14,0
133,0
49,0
12,0
79,0
61,0
120,0
107,0
127,0
57,0
128,0
40,0
48,0
60,0
10,0
17,0
4,0
69,0
124,0
42,0
68,0
26,0
71,0
48,0
52,0
72,0
128,0
63,0
27,0
5,0
47,0
25,0
127,0
35,0
72,0
75,0
133,0
151,0
1,0
30,0
12,0
9,0
123,0
25,0
34,0
28,0
47,0
17,0
6,0
22,0
123,0
52,0
123,0
127,0
101,0
11,0
85,0
46,0
62,0
68,0
13,0
131,0
35,0
123,0
105,0
111,0
94,0
128,0
28,0
134,0
85,0
29,0
28,0
150,0
117,0
120,0
5,0
135,0
7,0
118,0
113,0
128,0
124,0
123,0
32,0
81,0
27,0
89,0
90,0
57,0
133,0
140,0
41,0
88,0
48,0
130,0
127,0
116,0
46,0
148,0
40,0
131,0
32,0
99,0
136,0
134,0
23,0
79,0
30,0
87,0
17,0
127,0
126,0
46,0
134,0
44,0
25,0
46,0
66,0
127,0
127,0
35,0
122,0
45,0
11,0
45,0
117,0
137,0
134,0
109,0
83,0
93,0
72,0
112,0
47,0
101,0
4,0
93,0
135,0
30,0
121,0
68,0
46,0
42,0
36,0
124,0
70,0
69,0
94,0
20,0
38,0
22,0
111,0
130,0
6,0
117,0
56,0
128,0
154,0
59,0
33,0
144,0
48,0
1,0
122,0
84,0
143,0
46,0
66,0
73,0
64,0
150,0
7,0
131,0
128,0
65,0
89,0
46,0
53,0
66,0
52,0
144,0
19,0
53,0
148,0
109,0
48,0
6,0
92,0
4,0
83,0
13,0
3,0
122,0
143,0
5,0
107,0
0,0
144,0
152,0
28,0
7,0
95,0
137,0
56,0
139,0
134,0
111,0
14,0
12,0
72,0
72,0
140,0
51,0
86,0
124,0
117,0
88,0
28,0
48,0
84,0
44,0
112,0
153,0
124,0
48,0
113,0
46,0
15,0
108,0
123,0
17,0
54,0
111,0
137,0
122,0
129,0
33,0
132,0
136,0
51,0
66,0
50,0
137,0
52,0
97,0
58,0
0,0
111,0
24,0
53,0
53,0
127,0
67,0
149,0
10,0
69,0
46,0
30,0
148,0
106,0
15,0
53,0
6,0
142,0
95,0
7,0
46,0
128,0
81,0
124,0
126,0
143,0
78,0
54,0
5,0
10,0
10,0
78,0
40,0
18,0
46,0
131,0
118,0
7,0
42,0
134,0
142,0
138,0
76,0
37,0
103,0
93,0
5,0
123,0
40,0
10,0
124,0
134,0
58,0
141,0
12,0
46,0
16,0
143,0
68,0
4,0
123,0
122,0
43,0
142,0
55,0
134,0
18,0
28,0
139,0
95,0
29,0
123,0
115,0
132,0
145,0
25,0
53,0
43,0
40,0
66,0
117,0
46,0
17,0
142,0
118,0
46,0
57,0
83,0
5,0
123,0
68,0
6,0
24,0
47,0
117,0
16,0
56,0
57,0
6,0
114,0
43,0
77,0
133,0
113,0
128,0
23,0
72,0
120,0
6,0
30,0
74,0
144,0
133,0
88,0
43,0
104,0
42,0
0,0
30,0
18,0
133,0
98,0
138,0
127,0
68,0
48,0
120,0
32,0
130,0
46,0
145,0
149,0
134,0
11,0
20,0
144,0
66,0
93,0
53,0
33,0
33,0
66,0
8,0
123,0
8,0
98,0
26,0
76,0
138,0
25,0
53,0
109,0
50,0
124,0
21,0
50,0
46,0
35,0
19,0
54,0
63,0
4,0
48,0
122,0
77,0
123,0
72,0
59,0
151,0
36,0
107,0
99,0
30,0
141,0
127,0
128,0
124,0
110,0
6,0
134,0
23,0
124,0
80,0
94,0
80,0
48,0
65,0
82,0
134,0
83,0
27,0
143,0
139,0
81,0
21,0
31,0
107,0
74,0
30,0
17,0
142,0
69,0
123,0
124,0
63,0
18,0
50,0
1,0
104,0
40,0
16,0
125,0
4,0
57,0
144,0
98,0
12,0
39,0
87,0
72,0
111,0
145,0
149,0
85,0
75,0
114,0
111,0
110,0
108,0
62,0
99,0
27,0
6,0
113,0
129,0
107,0
19,0
128,0
75,0
133,0
113,0
72,0
60,0
17,0
116,0
12,0
134,0
88,0
135,0
49,0
124,0
12,0
29,0
135,0
36,0
105,0
110,0
153,0
141,0
20,0
11,0
17,0
142,0
133,0
88,0
100,0
26,0
84,0
17,0
117,0
77,0
42,0
53,0
122,0
85,0
151,0
134,0
134,0
122,0
22,0
45,0
88,0
87,0
142,0
112,0
46,0
20,0
89,0
146,0
37,0
137,0
20,0
23,0
128,0
29,0
107,0
57,0
120,0
68,0
42,0
87,0
26,0
148,0
15,0
11,0
74,0
127,0
89,0
151,0
6,0
102,0
147,0
61,0
6,0
67,0
117,0
124,0
47,0
67,0
42,0
103,0
149,0
28,0
97,0
84,0
0,0
73,0
34,0
154,0
33,0
142,0
12,0
48,0
118,0
9,0
37,0
4,0
34,0
23,0
8,0
58,0
30,0
126,0
50,0
140,0
137,0
116,0
51,0
84,0
78,0
127,0
23,0
74,0
94,0
78,0
135,0
68,0
34,0
70,0
88,0
60,0
42,0
72,0
23,0
44,0
28,0
137,0
127,0
127,0
76,0
0,0
130,0
124,0
107,0
86,0
142,0
34,0
50,0
101,0
102,0
123,0
108,0
106,0
77,0
100,0
91,0
54,0
97,0
32,0
29,0
111,0
18,0
144,0
135,0
134,0
0,0
14,0
46,0
92,0
94,0
71,0
38,0
133,0
40,0
59,0
95,0
100,0
151,0
150,0
21,0
132,0
72,0
11,0
146,0
0,0
88,0
55,0
81,0
145,0
97,0
77,0
128,0
56,0
127,0
45,0
6,0
8,0
27,0
149,0
100,0
114,0
47,0
128,0
104,0
99,0
83,0
89,0
120,0
6,0
71,0
56,0
94,0
126,0
75,0
129,0
72,0
16,0
9,0
119,0
56,0
93,0
87,0
142,0
127,0
67,0
138,0
54,0
34,0
135,0
30,0
119,0
76,0
26,0
76,0
9,0
26,0
147,0
98,0
67,0
27,0
31,0
135,0
46,0
122,0
46,0
142,0
58,0
46,0
108,0
0,0
37,0
78,0
35,0
23,0
63,0
39,0
72,0
34,0
105,0
143,0
87,0
47,0
87,0
117,0
110,0
83,0
80,0
150,0
0,0
112,0
24,0
71,0
123,0
74,0
81,0
141,0
46,0
50,0
51,0
129,0
81,0
151,0
128,0
79,0
11,0
114,0
6,0
75,0
150,0
53,0
146,0
129,0
118,0
98,0
117,0
11,0
4,0
134,0
61,0
48,0
143,0
127,0
73,0
146,0
129,0
128,0
130,0
127,0
141,0
146,0
75,0
69,0
82,0
49,0
114,0
128,0
6,0
113,0
35,0
31,0
58,0
91,0
4,0
127,0
84,0
12,0
81,0
9,0
11,0
66,0
134,0
47,0
39,0
32,0
10,0
22,0
59,0
33,0
103,0
89,0
7,0
115,0
48,0
64,0
16,0
79,0
128,0
152,0
13,0
7,0
142,0
12,0
64,0
133,0
148,0
15,0
67,0
122,0
2,0
123,0
51,0
35,0
32,0
12,0
51,0
68,0
136,0
132,0
94,0
141,0
52,0
76,0
127,0
134,0
101,0
90,0
128,0
149,0
25,0
127,0
125,0
151,0
46,0
78,0
6,0
6,0
16,0
91,0
124,0
91,0
41,0
40,0
122,0
149,0
83,0
121,0
130,0
56,0
23,0
20,0
100,0
30,0
43,0
57,0
129,0
2,0
87,0
122,0
18,0
38,0
122,0
44,0
62,0
58,0
102,0
134,0
84,0
46,0
36,0
96,0
137,0
128,0
73,0
105,0
25,0
136,0
79,0
119,0
55,0
33,0
139,0
130,0
127,0
41,0
115,0
146,0
57,0
81,0
14,0
102,0
44,0
57,0
48,0
58,0
27,0
33,0
17,0
124,0
21,0
33,0
30,0
13,0
74,0
150,0
116,0
48,0
72,0
56,0
41,0
135,0
138,0
24,0
143,0
118,0
4,0
57,0
133,0
7,0
22,0
53,0
7,0
61,0
98,0
64,0
85,0
104,0
73,0
47,0
134,0
122,0
140,0
118,0
33,0
77,0
127,0
25,0
128,0
123,0
70,0
64,0
121,0
24,0
66,0
109,0
46,0
64,0
1,0
57,0
110,0
87,0
130,0
11,0
108,0
51,0
112,0
117,0
123,0
149,0
52,0
134,0
87,0
45,0
85,0
21,0
53,0
135,0
118,0
19,0
135,0
49,0
11,0
127,0
34,0
122,0
100,0
6,0
47,0
13,0
11,0
85,0
132,0
129,0
92,0
2,0
133,0
69,0
92,0
17,0
88,0
36,0
55,0
33,0
56,0
128,0
125,0
149,0
63,0
23,0
120,0
51,0
138,0
128,0
32,0
121,0
31,0
70,0
127,0
50,0
119,0
72,0
104,0
39,0
41,0
3,0
118,0
120,0
30,0
30,0
110,0
132,0
83,0
35,0
132,0
38,0
14,0
26,0
124,0
143,0
28,0
142,0
71,0
124,0
25,0
53,0
131,0
127,0
62,0
110,0
25,0
68,0
99,0
84,0
72,0
56,0
48,0
27,0
98,0
126,0
126,0
70,0
149,0
29,0
27,0
104,0
118,0
1,0
23,0
128,0
123,0
99,0
126,0
39,0
40,0
29,0
49,0
2,0
138,0
84,0
129,0
139,0
50,0
51,0
123,0
78,0
46,0
12,0
4,0
0,0
44,0
46,0
45,0
67,0
46,0
66,0
117,0
57,0
141,0
122,0
128,0
56,0
61,0
118,0
92,0
68,0
111,0
64,0
36,0
134,0
100,0
59,0
126,0
110,0
1,0
142,0
37,0
9,0
102,0
48,0
0,0
11,0
46,0
10,0
69,0
55,0
5,0
23,0
23,0
54,0
143,0
136,0
7,0
8,0
42,0
136,0
117,0
143,0
136,0
13,0
128,0
115,0
1,0
95,0
128,0
79,0
122,0
7,0
6,0
44,0
99,0
8,0
68,0
57,0
124,0
14,0
113,0
84,0
101,0
124,0
43,0
41,0
67,0
59,0
70,0
49,0
128,0
55,0
38,0
4,0
37,0
141,0
100,0
140,0
47,0
133,0
20,0
49,0
54,0
36,0
3,0
48,0
142,0
54,0
1,0
30,0
58,0
127,0
46,0
113,0
39,0
44,0
107,0
71,0
28,0
66,0
67,0
96,0
48,0
110,0
127,0
44,0
16,0
121,0
126,0
53,0
38,0
127,0
114,0
28,0
97,0
31,0
54,0
115,0
54,0
88,0
84,0
130,0
26,0
99,0
13,0
56,0
97,0
8,0
61,0
1,0
44,0
18,0
108,0
122,0
43,0
120,0
15,0
67,0
134,0
141,0
27,0
115,0
106,0
113,0
30,0
127,0
23,0
24,0
61,0
127,0
29,0
0,0
10,0
150,0
113,0
104,0
90,0
100,0
132,0
150,0
142,0
137,0
133,0
44,0
134,0
13,0
60,0
101,0
130,0
22,0
23,0
68,0
58,0
97,0
134,0
128,0
79,0
29,0
61,0
117,0
16,0
87,0
64,0
59,0
49,0
78,0
120,0
107,0
126,0
67,0
107,0
66,0
128,0
123,0
88,0
20,0
126,0
116,0
38,0
89,0
23,0
114,0
28,0
122,0
53,0
107,0
9,0
136,0
31,0
148,0
52,0
128,0
3,0
119,0
70,0
106,0
119,0
39,0
28,0
110,0
20,0
80,0
30,0
97,0
53,0
146,0
0,0
56,0
90,0
108,0
49,0
139,0
108,0
117,0
136,0
135,0
57,0
105,0
127,0
9,0
148,0
127,0
93,0
49,0
122,0
77,0
127,0
88,0
128,0
133,0
22,0
102,0
2,0
62,0
128,0
114,0
76,0
107,0
58,0
0,0
75,0
127,0
137,0
111,0
117,0
59,0
83,0
78,0
42,0
140,0
32,0
29,0
87,0
39,0
123,0
133,0
30,0
93,0
25,0
100,0
125,0
121,0
98,0
124,0
113,0
137,0
56,0
150,0
37,0
142,0
48,0
23,0
139,0
151,0
126,0
12,0
127,0
49,0
34,0
18,0
10,0
28,0
144,0
98,0
103,0
101,0
5,0
8,0
99,0
128,0
144,0
88,0
106,0
121,0
108,0
65,0
3,0
134,0
102,0
13,0
128,0
118,0
128,0
1,0
71,0
13,0
48,0
67,0
127,0
87,0
51,0
9,0
95,0
58,0
134,0
142,0
110,0
45,0
116,0
136,0
103,0
136,0
149,0
121,0
87,0
36,0
72,0
52,0
134,0
61,0
117,0
139,0
134,0
124,0
126,0
25,0
16,0
22,0
122,0
46,0
120,0
45,0
64,0
60,0
149,0
36,0
124,0
53,0
129,0
94,0
17,0
40,0
116,0
99,0
58,0
73,0
144,0
28,0
11,0
92,0
76,0
120,0
133,0
40,0
36,0
53,0
24,0
7,0
84,0
29,0
99,0
81,0
136,0
66,0
88,0
110,0
47,0
127,0
53,0
133,0
108,0
89,0
53,0
94,0
69,0
19,0
142,0
126,0
137,0
122,0
133,0
101,0
50,0
72,0
11,0
73,0
29,0
87,0
127,0
112,0
102,0
124,0
89,0
21,0
130,0
36,0
60,0
150,0
46,0
28,0
120,0
3,0
46,0
64,0
101,0
145,0
74,0
0,0
48,0
56,0
95,0
62,0
121,0
29,0
107,0
97,0
46,0
51,0
79,0
18,0
122,0
37,0
25,0
86,0
151,0
101,0
35,0
56,0
54,0
128,0
11,0
128,0
48,0
100,0
128,0
13,0
101,0
131,0
141,0
16,0
65,0
30,0
141,0
128,0
102,0
24,0
124,0
72,0
6,0
92,0
12,0
21,0
95,0
108,0
107,0
36,0
106,0
97,0
149,0
76,0
71,0
32,0
