114,0
85,0
64,0
43,0
79,0
120,0
152,0
29,0
47,0
128,0
132,0
143,0
146,0
35,0
74,0
3,0
111,0
134,0
127,0
138,0
42,0
47,0
1,0
23,0
5,0
108,0
13,0
111,0
77,0
80,0
49,0
122,0
90,0
113,0
47,0
110,0
116,0
135,0
64,0
145,0
45,0
29,0
24,0
83,0
128,0
38,0
133,0
13,0
145,0
13,0
17,0
114,0
30,0
47,0
81,0
18,0
134,0
63,0
108,0
72,0
149,0
90,0
42,0
47,0
111,0
127,0
50,0
123,0
47,0
16,0
83,0
68,0
118,0
87,0
148,0
9,0
25,0
76,0
20,0
73,0
13,0
127,0
52,0
39,0
140,0
58,0
7,0
5,0
7,0
85,0
3,0
125,0
47,0
140,0
9,0
114,0
47,0
87,0
123,0
32,0
36,0
98,0
65,0
56,0
19,0
126,0
123,0
149,0
137,0
5,0
147,0
123,0
7,0
118,0
107,0
47,0
123,0
0,0
86,0
31,0
113,0
92,0
36,0
126,0
138,0
12,0
124,0
145,0
36,0
45,0
74,0
123,0
3,0
41,0
5,0
77,0
150,0
46,0
119,0
3,0
134,0
0,0
19,0
7,0
55,0
13,0
28,0
14,0
56,0
140,0
20,0
12,0
4,0
89,0
21,0
73,0
128,0
77,0
75,0
5,0
90,0
146,0
27,0
42,0
29,0
148,0
2,0
122,0
35,0
123,0
123,0
82,0
28,0
103,0
5,0
32,0
129,0
104,0
40,0
119,0
122,0
134,0
108,0
86,0
42,0
7,0
80,0
70,0
26,0
127,0
123,0
118,0
82,0
127,0
5,0
108,0
89,0
57,0
109,0
136,0
39,0
142,0
30,0
22,0
69,0
150,0
120,0
142,0
22,0
54,0
23,0
29,0
29,0
126,0
84,0
8,0
34,0
10,0
27,0
95,0
25,0
69,0
101,0
1,0
93,0
71,0
88,0
120,0
60,0
34,0
100,0
78,0
25,0
101,0
124,0
4,0
105,0
24,0
11,0
89,0
104,0
7,0
150,0
139,0
107,0
24,0
9,0
140,0
131,0
47,0
19,0
32,0
146,0
45,0
35,0
46,0
145,0
33,0
56,0
130,0
1,0
25,0
65,0
42,0
28,0
40,0
117,0
144,0
40,0
10,0
116,0
37,0
37,0
141,0
16,0
77,0
72,0
57,0
28,0
143,0
51,0
154,0
122,0
128,0
25,0
110,0
14,0
29,0
21,0
76,0
47,0
34,0
41,0
5,0
101,0
150,0
134,0
125,0
69,0
26,0
119,0
97,0
75,0
72,0
65,0
132,0
49,0
101,0
81,0
3,0
33,0
101,0
21,0
84,0
139,0
9,0
81,0
140,0
83,0
136,0
2,0
54,0
133,0
54,0
88,0
48,0
17,0
123,0
62,0
75,0
104,0
95,0
43,0
108,0
14,0
81,0
42,0
84,0
94,0
46,0
30,0
30,0
77,0
79,0
36,0
55,0
122,0
61,0
46,0
47,0
6,0
114,0
112,0
24,0
5,0
7,0
52,0
129,0
47,0
25,0
67,0
101,0
18,0
46,0
61,0
57,0
52,0
124,0
37,0
36,0
70,0
5,0
59,0
96,0
15,0
91,0
71,0
24,0
150,0
147,0
4,0
13,0
122,0
46,0
150,0
134,0
128,0
13,0
45,0
57,0
57,0
95,0
111,0
95,0
133,0
129,0
142,0
144,0
86,0
123,0
54,0
46,0
19,0
5,0
59,0
123,0
42,0
98,0
0,0
124,0
130,0
22,0
34,0
10,0
4,0
47,0
29,0
12,0
130,0
47,0
45,0
96,0
11,0
123,0
45,0
142,0
8,0
53,0
96,0
38,0
3,0
69,0
154,0
102,0
99,0
145,0
34,0
70,0
13,0
36,0
19,0
10,0
45,0
56,0
85,0
97,0
128,0
85,0
122,0
137,0
69,0
33,0
97,0
149,0
124,0
21,0
68,0
80,0
46,0
122,0
137,0
46,0
9,0
151,0
150,0
33,0
17,0
30,0
61,0
30,0
133,0
48,0
118,0
94,0
57,0
2,0
55,0
6,0
47,0
118,0
110,0
1,0
33,0
123,0
47,0
126,0
65,0
3,0
133,0
4,0
48,0
140,0
143,0
16,0
139,0
74,0
59,0
57,0
106,0
58,0
109,0
53,0
138,0
23,0
12,0
97,0
57,0
49,0
123,0
34,0
150,0
140,0
14,0
11,0
117,0
51,0
85,0
129,0
35,0
111,0
127,0
53,0
38,0
53,0
34,0
89,0
58,0
108,0
31,0
66,0
102,0
44,0
48,0
36,0
63,0
67,0
28,0
3,0
84,0
64,0
103,0
124,0
34,0
71,0
134,0
81,0
13,0
119,0
119,0
48,0
47,0
40,0
111,0
23,0
150,0
135,0
46,0
96,0
65,0
145,0
59,0
83,0
20,0
23,0
143,0
9,0
4,0
74,0
31,0
9,0
74,0
82,0
2,0
12,0
134,0
123,0
33,0
52,0
4,0
8,0
14,0
35,0
143,0
64,0
85,0
19,0
75,0
144,0
124,0
16,0
21,0
107,0
68,0
76,0
76,0
47,0
47,0
24,0
50,0
59,0
122,0
59,0
129,0
1,0
128,0
51,0
4,0
105,0
19,0
126,0
59,0
36,0
54,0
23,0
10,0
25,0
150,0
151,0
28,0
140,0
145,0
120,0
33,0
129,0
142,0
29,0
94,0
49,0
82,0
66,0
53,0
9,0
127,0
57,0
47,0
59,0
121,0
87,0
70,0
1,0
49,0
47,0
128,0
77,0
123,0
93,0
10,0
65,0
129,0
49,0
116,0
111,0
102,0
21,0
43,0
122,0
79,0
52,0
86,0
63,0
150,0
47,0
109,0
29,0
116,0
122,0
136,0
64,0
122,0
41,0
27,0
28,0
13,0
97,0
2,0
151,0
136,0
120,0
113,0
150,0
71,0
72,0
5,0
53,0
64,0
145,0
142,0
65,0
72,0
33,0
120,0
123,0
142,0
123,0
38,0
31,0
148,0
73,0
124,0
143,0
142,0
7,0
43,0
6,0
79,0
146,0
47,0
8,0
142,0
46,0
117,0
77,0
56,0
14,0
127,0
128,0
120,0
25,0
20,0
44,0
63,0
100,0
106,0
59,0
17,0
127,0
19,0
127,0
40,0
125,0
26,0
30,0
23,0
118,0
12,0
122,0
127,0
142,0
123,0
144,0
37,0
20,0
95,0
142,0
47,0
150,0
116,0
36,0
47,0
102,0
9,0
31,0
128,0
111,0
29,0
93,0
134,0
4,0
128,0
98,0
154,0
122,0
93,0
47,0
29,0
20,0
43,0
145,0
66,0
122,0
123,0
47,0
40,0
124,0
148,0
31,0
98,0
113,0
116,0
36,0
51,0
96,0
7,0
116,0
33,0
133,0
12,0
91,0
0,0
143,0
37,0
100,0
23,0
48,0
29,0
120,0
46,0
139,0
63,0
139,0
73,0
32,0
9,0
57,0
121,0
86,0
122,0
104,0
110,0
54,0
41,0
105,0
34,0
142,0
37,0
74,0
3,0
92,0
151,0
123,0
18,0
53,0
58,0
136,0
89,0
134,0
21,0
29,0
37,0
23,0
145,0
98,0
81,0
47,0
106,0
129,0
100,0
10,0
8,0
8,0
78,0
123,0
38,0
80,0
134,0
74,0
16,0
65,0
67,0
33,0
16,0
46,0
85,0
127,0
111,0
65,0
99,0
55,0
127,0
29,0
10,0
123,0
101,0
129,0
112,0
133,0
33,0
12,0
45,0
131,0
123,0
40,0
2,0
85,0
31,0
137,0
123,0
21,0
60,0
31,0
144,0
21,0
63,0
69,0
127,0
1,0
132,0
67,0
128,0
46,0
47,0
110,0
1,0
90,0
125,0
11,0
34,0
123,0
127,0
0,0
127,0
105,0
145,0
46,0
12,0
123,0
28,0
131,0
148,0
26,0
0,0
142,0
68,0
73,0
137,0
75,0
107,0
45,0
2,0
20,0
101,0
136,0
90,0
25,0
143,0
79,0
61,0
109,0
37,0
64,0
133,0
47,0
122,0
99,0
32,0
119,0
85,0
123,0
64,0
75,0
107,0
27,0
11,0
93,0
145,0
131,0
118,0
115,0
12,0
118,0
79,0
151,0
73,0
147,0
80,0
15,0
40,0
79,0
154,0
35,0
4,0
133,0
70,0
69,0
36,0
11,0
48,0
83,0
85,0
11,0
39,0
47,0
126,0
108,0
97,0
87,0
105,0
113,0
118,0
74,0
119,0
100,0
26,0
119,0
31,0
82,0
4,0
14,0
30,0
59,0
95,0
61,0
125,0
72,0
111,0
115,0
128,0
105,0
128,0
111,0
114,0
41,0
74,0
32,0
64,0
123,0
98,0
4,0
21,0
76,0
31,0
74,0
20,0
5,0
133,0
29,0
146,0
150,0
37,0
137,0
93,0
79,0
47,0
45,0
23,0
121,0
23,0
47,0
47,0
48,0
7,0
90,0
47,0
128,0
47,0
53,0
88,0
70,0
36,0
39,0
38,0
76,0
5,0
47,0
47,0
34,0
36,0
147,0
88,0
67,0
47,0
128,0
114,0
47,0
113,0
8,0
17,0
29,0
65,0
142,0
128,0
116,0
105,0
0,0
6,0
123,0
117,0
139,0
64,0
136,0
93,0
142,0
58,0
45,0
123,0
73,0
104,0
34,0
141,0
105,0
41,0
10,0
79,0
7,0
144,0
25,0
3,0
68,0
31,0
144,0
108,0
110,0
24,0
82,0
47,0
108,0
39,0
143,0
91,0
103,0
27,0
142,0
53,0
52,0
70,0
118,0
145,0
47,0
146,0
131,0
75,0
42,0
34,0
143,0
66,0
2,0
89,0
126,0
94,0
21,0
89,0
120,0
103,0
3,0
17,0
66,0
123,0
103,0
31,0
68,0
110,0
126,0
58,0
93,0
58,0
56,0
85,0
136,0
50,0
66,0
10,0
53,0
90,0
123,0
139,0
133,0
47,0
59,0
30,0
54,0
90,0
16,0
129,0
128,0
47,0
112,0
123,0
47,0
94,0
85,0
133,0
123,0
107,0
122,0
133,0
123,0
139,0
115,0
124,0
43,0
88,0
118,0
134,0
101,0
82,0
128,0
97,0
142,0
33,0
122,0
141,0
89,0
69,0
46,0
147,0
143,0
86,0
123,0
2,0
67,0
4,0
134,0
142,0
109,0
139,0
111,0
16,0
25,0
117,0
32,0
63,0
2,0
105,0
12,0
61,0
97,0
135,0
135,0
145,0
24,0
88,0
105,0
14,0
37,0
94,0
71,0
65,0
138,0
14,0
138,0
24,0
124,0
67,0
47,0
81,0
105,0
58,0
123,0
59,0
140,0
16,0
17,0
2,0
119,0
46,0
8,0
78,0
106,0
30,0
137,0
29,0
123,0
47,0
108,0
7,0
77,0
132,0
2,0
28,0
69,0
142,0
42,0
88,0
51,0
142,0
123,0
29,0
82,0
1,0
32,0
2,0
86,0
119,0
139,0
69,0
49,0
112,0
76,0
86,0
47,0
47,0
128,0
41,0
149,0
149,0
102,0
35,0
39,0
99,0
67,0
21,0
49,0
2,0
47,0
131,0
133,0
97,0
66,0
19,0
54,0
10,0
69,0
122,0
112,0
136,0
85,0
71,0
92,0
34,0
88,0
112,0
104,0
82,0
6,0
47,0
89,0
16,0
11,0
15,0
123,0
28,0
77,0
81,0
30,0
143,0
5,0
140,0
85,0
123,0
19,0
150,0
128,0
133,0
99,0
42,0
109,0
122,0
7,0
86,0
124,0
137,0
114,0
44,0
140,0
98,0
114,0
117,0
4,0
31,0
122,0
24,0
128,0
66,0
106,0
7,0
66,0
47,0
128,0
100,0
67,0
20,0
47,0
54,0
89,0
6,0
25,0
118,0
118,0
130,0
79,0
24,0
4,0
111,0
29,0
126,0
77,0
84,0
97,0
60,0
54,0
82,0
116,0
47,0
127,0
139,0
57,0
49,0
66,0
47,0
4,0
30,0
101,0
77,0
114,0
27,0
23,0
134,0
43,0
72,0
31,0
38,0
130,0
12,0
59,0
84,0
47,0
58,0
84,0
136,0
47,0
145,0
47,0
103,0
85,0
36,0
28,0
123,0
32,0
121,0
150,0
125,0
90,0
146,0
47,0
54,0
0,0
94,0
72,0
124,0
55,0
48,0
74,0
31,0
76,0
50,0
39,0
0,0
142,0
47,0
40,0
47,0
85,0
132,0
24,0
9,0
127,0
110,0
124,0
54,0
85,0
70,0
125,0
56,0
50,0
123,0
26,0
145,0
4,0
103,0
144,0
16,0
123,0
88,0
133,0
70,0
133,0
131,0
116,0
67,0
45,0
19,0
135,0
0,0
6,0
36,0
1,0
134,0
54,0
86,0
145,0
95,0
7,0
7,0
42,0
17,0
2,0
27,0
36,0
107,0
66,0
59,0
94,0
12,0
116,0
47,0
72,0
123,0
88,0
27,0
142,0
19,0
26,0
39,0
137,0
48,0
149,0
96,0
6,0
47,0
36,0
114,0
49,0
79,0
105,0
92,0
91,0
47,0
123,0
134,0
102,0
134,0
128,0
10,0
101,0
152,0
104,0
109,0
103,0
73,0
101,0
132,0
121,0
5,0
127,0
124,0
105,0
64,0
42,0
151,0
89,0
47,0
82,0
14,0
143,0
42,0
12,0
130,0
142,0
12,0
130,0
104,0
13,0
13,0
70,0
83,0
13,0
8,0
47,0
50,0
109,0
117,0
47,0
126,0
44,0
150,0
21,0
62,0
44,0
76,0
47,0
148,0
67,0
7,0
47,0
58,0
71,0
33,0
82,0
48,0
108,0
78,0
19,0
123,0
60,0
47,0
150,0
126,0
8,0
102,0
77,0
27,0
54,0
108,0
25,0
62,0
4,0
76,0
148,0
102,0
120,0
33,0
40,0
134,0
42,0
17,0
46,0
28,0
17,0
110,0
52,0
89,0
32,0
5,0
123,0
123,0
48,0
99,0
128,0
5,0
50,0
71,0
127,0
130,0
30,0
124,0
28,0
123,0
19,0
89,0
123,0
30,0
101,0
61,0
102,0
133,0
47,0
47,0
84,0
36,0
130,0
66,0
108,0
103,0
133,0
119,0
98,0
107,0
63,0
133,0
41,0
128,0
95,0
41,0
23,0
23,0
143,0
45,0
111,0
23,0
52,0
22,0
34,0
61,0
128,0
39,0
47,0
46,0
65,0
73,0
73,0
126,0
127,0
128,0
116,0
61,0
37,0
11,0
124,0
112,0
138,0
41,0
0,0
97,0
137,0
26,0
149,0
130,0
147,0
103,0
97,0
46,0
2,0
59,0
85,0
45,0
133,0
15,0
5,0
1,0
4,0
11,0
15,0
31,0
105,0
38,0
62,0
138,0
78,0
108,0
127,0
93,0
71,0
128,0
27,0
76,0
140,0
47,0
146,0
118,0
85,0
72,0
66,0
47,0
111,0
60,0
9,0
40,0
118,0
35,0
143,0
99,0
65,0
93,0
102,0
111,0
53,0
25,0
120,0
18,0
145,0
31,0
124,0
58,0
119,0
130,0
50,0
78,0
138,0
56,0
44,0
43,0
14,0
33,0
90,0
146,0
47,0
34,0
139,0
131,0
2,0
78,0
7,0
150,0
44,0
17,0
148,0
82,0
15,0
124,0
144,0
8,0
111,0
129,0
18,0
65,0
143,0
4,0
120,0
98,0
66,0
95,0
33,0
109,0
32,0
36,0
70,0
46,0
87,0
7,0
129,0
39,0
129,0
19,0
55,0
131,0
128,0
5,0
27,0
1,0
18,0
123,0
76,0
42,0
47,0
123,0
17,0
144,0
9,0
114,0
47,0
108,0
123,0
133,0
41,0
137,0
57,0
50,0
145,0
47,0
47,0
95,0
40,0
4,0
19,0
30,0
45,0
47,0
120,0
91,0
45,0
61,0
47,0
59,0
84,0
137,0
18,0
128,0
135,0
127,0
25,0
127,0
150,0
3,0
47,0
136,0
67,0
57,0
136,0
108,0
71,0
95,0
53,0
134,0
89,0
4,0
36,0
51,0
68,0
81,0
82,0
68,0
14,0
141,0
132,0
97,0
70,0
17,0
118,0
143,0
14,0
28,0
134,0
137,0
130,0
63,0
74,0
112,0
4,0
36,0
18,0
48,0
43,0
127,0
33,0
15,0
116,0
16,0
12,0
49,0
25,0
29,0
77,0
47,0
8,0
1,0
25,0
7,0
122,0
62,0
27,0
67,0
109,0
142,0
26,0
125,0
30,0
78,0
137,0
72,0
12,0
97,0
105,0
62,0
74,0
48,0
81,0
12,0
33,0
26,0
57,0
125,0
123,0
17,0
133,0
79,0
23,0
31,0
54,0
23,0
146,0
30,0
131,0
47,0
144,0
83,0
47,0
95,0
0,0
94,0
112,0
83,0
48,0
31,0
114,0
142,0
29,0
109,0
142,0
83,0
18,0
49,0
33,0
49,0
101,0
154,0
53,0
90,0
11,0
128,0
68,0
96,0
47,0
84,0
61,0
35,0
19,0
69,0
119,0
105,0
49,0
29,0
40,0
18,0
80,0
34,0
91,0
49,0
50,0
11,0
82,0
138,0
23,0
150,0
114,0
21,0
122,0
45,0
81,0
80,0
47,0
78,0
104,0
47,0
61,0
128,0
59,0
57,0
123,0
149,0
141,0
10,0
143,0
127,0
137,0
61,0
71,0
117,0
47,0
48,0
93,0
17,0
26,0
8,0
6,0
60,0
119,0
63,0
92,0
71,0
3,0
100,0
91,0
19,0
66,0
96,0
0,0
19,0
133,0
102,0
122,0
52,0
39,0
21,0
52,0
7,0
72,0
68,0
129,0
87,0
108,0
0,0
54,0
114,0
6,0
57,0
2,0
7,0
30,0
143,0
15,0
26,0
0,0
39,0
142,0
11,0
4,0
1,0
123,0
131,0
39,0
91,0
75,0
63,0
133,0
91,0
54,0
7,0
42,0
8,0
97,0
112,0
112,0
100,0
106,0
134,0
47,0
26,0
47,0
47,0
73,0
133,0
137,0
5,0
87,0
136,0
57,0
117,0
20,0
124,0
136,0
34,0
99,0
104,0
58,0
75,0
94,0
62,0
145,0
57,0
123,0
135,0
109,0
111,0
154,0
5,0
26,0
50,0
78,0
37,0
146,0
0,0
52,0
58,0
116,0
2,0
116,0
30,0
7,0
104,0
115,0
150,0
75,0
126,0
108,0
2,0
6,0
127,0
125,0
79,0
23,0
122,0
98,0
145,0
151,0
122,0
133,0
105,0
20,0
150,0
74,0
68,0
105,0
111,0
101,0
42,0
98,0
13,0
129,0
12,0
2,0
73,0
48,0
26,0
33,0
101,0
15,0
145,0
135,0
104,0
1,0
123,0
22,0
6,0
130,0
115,0
86,0
105,0
27,0
14,0
62,0
7,0
43,0
102,0
148,0
59,0
142,0
16,0
40,0
21,0
143,0
36,0
94,0
12,0
143,0
98,0
143,0
6,0
151,0
87,0
74,0
105,0
21,0
104,0
132,0
126,0
44,0
46,0
119,0
114,0
11,0
102,0
12,0
1,0
6,0
150,0
100,0
66,0
44,0
45,0
104,0
148,0
138,0
36,0
20,0
47,0
100,0
8,0
70,0
77,0
117,0
88,0
101,0
134,0
24,0
149,0
55,0
128,0
71,0
18,0
28,0
10,0
135,0
34,0
127,0
111,0
136,0
107,0
96,0
35,0
116,0
45,0
95,0
11,0
137,0
3,0
97,0
20,0
45,0
123,0
8,0
38,0
54,0
106,0
14,0
115,0
6,0
124,0
144,0
100,0
98,0
64,0
132,0
10,0
30,0
116,0
114,0
33,0
120,0
61,0
110,0
49,0
61,0
120,0
100,0
125,0
6,0
49,0
151,0
8,0
136,0
73,0
19,0
129,0
23,0
33,0
138,0
148,0
6,0
58,0
36,0
117,0
54,0
104,0
151,0
24,0
23,0
9,0
63,0
13,0
88,0
111,0
88,0
138,0
106,0
101,0
93,0
47,0
136,0
3,0
37,0
128,0
95,0
94,0
68,0
2,0
127,0
120,0
86,0
138,0
47,0
91,0
111,0
47,0
124,0
58,0
30,0
67,0
27,0
59,0
72,0
95,0
28,0
118,0
133,0
28,0
55,0
48,0
106,0
10,0
43,0
60,0
98,0
97,0
24,0
23,0
97,0
150,0
12,0
53,0
109,0
64,0
46,0
71,0
69,0
69,0
9,0
28,0
97,0
7,0
92,0
128,0
142,0
12,0
134,0
133,0
12,0
134,0
6,0
51,0
103,0
115,0
137,0
46,0
114,0
98,0
84,0
49,0
119,0
28,0
103,0
151,0
128,0
135,0
107,0
135,0
2,0
110,0
39,0
66,0
5,0
49,0
140,0
54,0
137,0
20,0
122,0
29,0
35,0
43,0
43,0
66,0
25,0
143,0
87,0
101,0
83,0
106,0
96,0
68,0
149,0
102,0
137,0
106,0
113,0
56,0
152,0
154,0
123,0
111,0
117,0
116,0
31,0
39,0
34,0
47,0
96,0
17,0
100,0
74,0
81,0
49,0
55,0
26,0
91,0
8,0
142,0
97,0
55,0
62,0
37,0
57,0
78,0
5,0
18,0
87,0
56,0
126,0
81,0
30,0
99,0
148,0
28,0
23,0
89,0
58,0
46,0
85,0
97,0
115,0
12,0
33,0
42,0
31,0
53,0
79,0
16,0
98,0
9,0
71,0
20,0
8,0
47,0
96,0
46,0
29,0
71,0
35,0
99,0
33,0
59,0
128,0
57,0
30,0
133,0
90,0
80,0
124,0
11,0
102,0
115,0
25,0
120,0
26,0
11,0
5,0
82,0
132,0
84,0
134,0
111,0
10,0
139,0
106,0
72,0
49,0
29,0
26,0
9,0
118,0
111,0
35,0
90,0
123,0
69,0
133,0
24,0
67,0
32,0
9,0
127,0
46,0
19,0
47,0
121,0
113,0
9,0
29,0
51,0
127,0
31,0
129,0
148,0
135,0
150,0
133,0
117,0
138,0
129,0
82,0
4,0
27,0
16,0
56,0
1,0
60,0
10,0
134,0
31,0
2,0
129,0
75,0
78,0
62,0
153,0
94,0
102,0
55,0
5,0
64,0
65,0
123,0
9,0
123,0
94,0
71,0
123,0
2,0
35,0
57,0
6,0
14,0
18,0
94,0
16,0
33,0
47,0
107,0
11,0
95,0
47,0
84,0
8,0
53,0
74,0
14,0
117,0
123,0
115,0
57,0
51,0
56,0
75,0
111,0
35,0
89,0
20,0
36,0
97,0
108,0
57,0
94,0
38,0
127,0
127,0
102,0
125,0
106,0
143,0
126,0
88,0
27,0
3,0
91,0
93,0
47,0
49,0
92,0
116,0
1,0
76,0
58,0
29,0
86,0
78,0
10,0
48,0
71,0
144,0
123,0
92,0
82,0
55,0
123,0
94,0
123,0
96,0
129,0
41,0
55,0
84,0
37,0
17,0
30,0
128,0
114,0
42,0
137,0
129,0
43,0
61,0
123,0
12,0
129,0
134,0
129,0
123,0
75,0
1,0
47,0
45,0
48,0
19,0
130,0
127,0
6,0
128,0
9,0
62,0
97,0
127,0
27,0
78,0
134,0
90,0
121,0
142,0
73,0
37,0
16,0
33,0
85,0
114,0
134,0
29,0
68,0
34,0
67,0
123,0
67,0
124,0
115,0
107,0
10,0
102,0
109,0
140,0
21,0
133,0
97,0
132,0
39,0
47,0
4,0
105,0
69,0
46,0
133,0
123,0
131,0
47,0
66,0
7,0
19,0
138,0
32,0
97,0
49,0
12,0
79,0
61,0
120,0
107,0
137,0
9,0
128,0
24,0
48,0
60,0
71,0
5,0
19,0
27,0
124,0
101,0
71,0
26,0
71,0
8,0
71,0
118,0
128,0
63,0
35,0
17,0
102,0
57,0
47,0
145,0
72,0
130,0
87,0
5,0
47,0
36,0
46,0
10,0
123,0
10,0
48,0
48,0
133,0
140,0
151,0
46,0
151,0
150,0
137,0
19,0
101,0
1,0
132,0
32,0
62,0
38,0
13,0
131,0
45,0
47,0
105,0
150,0
89,0
138,0
44,0
134,0
85,0
9,0
57,0
142,0
117,0
120,0
63,0
95,0
44,0
118,0
113,0
122,0
128,0
122,0
32,0
91,0
27,0
79,0
80,0
130,0
133,0
149,0
41,0
80,0
34,0
130,0
123,0
37,0
47,0
79,0
24,0
131,0
21,0
73,0
111,0
134,0
23,0
81,0
62,0
74,0
17,0
122,0
122,0
6,0
94,0
18,0
25,0
19,0
110,0
47,0
52,0
143,0
47,0
38,0
2,0
108,0
19,0
57,0
133,0
118,0
96,0
93,0
140,0
112,0
147,0
140,0
122,0
93,0
135,0
30,0
121,0
71,0
38,0
42,0
62,0
124,0
70,0
12,0
94,0
30,0
62,0
20,0
110,0
98,0
20,0
117,0
56,0
138,0
51,0
46,0
33,0
130,0
123,0
34,0
123,0
89,0
143,0
147,0
3,0
73,0
3,0
47,0
7,0
93,0
136,0
65,0
146,0
46,0
122,0
23,0
128,0
111,0
19,0
122,0
134,0
109,0
48,0
122,0
97,0
4,0
74,0
13,0
73,0
6,0
143,0
30,0
107,0
0,0
42,0
139,0
8,0
7,0
95,0
53,0
23,0
110,0
148,0
119,0
109,0
51,0
72,0
43,0
140,0
50,0
86,0
53,0
117,0
84,0
28,0
123,0
84,0
44,0
112,0
153,0
53,0
48,0
113,0
23,0
55,0
23,0
122,0
149,0
54,0
111,0
63,0
5,0
151,0
33,0
132,0
66,0
11,0
66,0
50,0
126,0
71,0
148,0
109,0
24,0
111,0
36,0
53,0
49,0
28,0
31,0
17,0
47,0
69,0
46,0
3,0
78,0
106,0
15,0
53,0
6,0
34,0
95,0
7,0
124,0
50,0
74,0
46,0
65,0
119,0
78,0
54,0
150,0
10,0
47,0
78,0
37,0
18,0
46,0
131,0
118,0
7,0
2,0
148,0
150,0
43,0
76,0
37,0
103,0
93,0
118,0
46,0
15,0
47,0
52,0
89,0
58,0
100,0
9,0
71,0
16,0
143,0
27,0
37,0
142,0
123,0
43,0
43,0
111,0
134,0
48,0
8,0
139,0
130,0
15,0
123,0
39,0
133,0
145,0
30,0
52,0
40,0
24,0
66,0
117,0
46,0
46,0
142,0
118,0
130,0
60,0
148,0
35,0
123,0
68,0
33,0
40,0
108,0
39,0
57,0
56,0
57,0
127,0
110,0
113,0
95,0
146,0
113,0
10,0
130,0
12,0
120,0
141,0
58,0
82,0
110,0
85,0
47,0
118,0
104,0
42,0
64,0
103,0
33,0
133,0
131,0
43,0
123,0
68,0
123,0
120,0
100,0
87,0
108,0
101,0
107,0
133,0
12,0
66,0
15,0
59,0
93,0
122,0
33,0
44,0
121,0
72,0
137,0
22,0
98,0
26,0
74,0
68,0
10,0
52,0
58,0
4,0
123,0
109,0
29,0
127,0
32,0
19,0
54,0
29,0
66,0
123,0
47,0
84,0
128,0
57,0
59,0
111,0
27,0
107,0
143,0
30,0
137,0
47,0
128,0
51,0
26,0
122,0
134,0
4,0
142,0
96,0
93,0
74,0
28,0
108,0
97,0
134,0
83,0
27,0
149,0
114,0
80,0
21,0
2,0
107,0
86,0
145,0
140,0
47,0
12,0
123,0
37,0
13,0
13,0
4,0
35,0
104,0
64,0
16,0
125,0
123,0
57,0
69,0
98,0
144,0
129,0
87,0
42,0
110,0
127,0
149,0
88,0
87,0
114,0
111,0
13,0
108,0
19,0
99,0
52,0
44,0
113,0
26,0
107,0
117,0
124,0
75,0
133,0
113,0
46,0
20,0
35,0
115,0
24,0
148,0
47,0
83,0
52,0
128,0
12,0
49,0
135,0
18,0
88,0
110,0
86,0
141,0
59,0
150,0
19,0
47,0
82,0
76,0
108,0
26,0
130,0
5,0
31,0
87,0
42,0
46,0
40,0
78,0
36,0
133,0
85,0
43,0
20,0
45,0
88,0
87,0
124,0
112,0
127,0
20,0
134,0
95,0
37,0
139,0
46,0
136,0
48,0
29,0
107,0
57,0
120,0
64,0
42,0
85,0
26,0
97,0
15,0
63,0
131,0
47,0
76,0
151,0
143,0
57,0
23,0
60,0
6,0
67,0
71,0
9,0
47,0
62,0
42,0
103,0
140,0
48,0
148,0
94,0
0,0
33,0
47,0
154,0
33,0
123,0
12,0
48,0
2,0
9,0
37,0
54,0
150,0
23,0
33,0
103,0
53,0
108,0
51,0
139,0
143,0
113,0
52,0
75,0
78,0
127,0
23,0
146,0
93,0
78,0
135,0
70,0
44,0
41,0
88,0
59,0
42,0
69,0
61,0
44,0
47,0
151,0
123,0
127,0
115,0
2,0
130,0
46,0
107,0
82,0
137,0
34,0
121,0
101,0
74,0
123,0
108,0
106,0
78,0
26,0
146,0
4,0
93,0
100,0
71,0
10,0
18,0
67,0
135,0
75,0
0,0
14,0
46,0
92,0
133,0
122,0
40,0
133,0
19,0
59,0
95,0
39,0
136,0
47,0
53,0
123,0
25,0
99,0
146,0
0,0
57,0
110,0
81,0
11,0
131,0
77,0
47,0
56,0
150,0
62,0
8,0
126,0
28,0
17,0
100,0
114,0
47,0
46,0
142,0
99,0
83,0
89,0
120,0
6,0
62,0
141,0
82,0
76,0
148,0
57,0
72,0
5,0
34,0
119,0
33,0
93,0
98,0
47,0
62,0
47,0
138,0
4,0
34,0
87,0
103,0
119,0
76,0
117,0
87,0
10,0
123,0
150,0
86,0
70,0
70,0
31,0
123,0
6,0
47,0
33,0
150,0
101,0
12,0
2,0
0,0
37,0
26,0
125,0
123,0
63,0
31,0
39,0
118,0
105,0
143,0
88,0
111,0
74,0
117,0
101,0
131,0
77,0
47,0
0,0
112,0
47,0
63,0
127,0
86,0
130,0
141,0
2,0
50,0
51,0
129,0
81,0
151,0
127,0
79,0
112,0
114,0
6,0
75,0
111,0
47,0
82,0
19,0
118,0
98,0
26,0
23,0
69,0
97,0
61,0
144,0
143,0
47,0
153,0
78,0
140,0
124,0
130,0
43,0
60,0
146,0
75,0
9,0
80,0
50,0
111,0
123,0
127,0
150,0
12,0
37,0
103,0
91,0
128,0
47,0
95,0
12,0
97,0
28,0
54,0
66,0
96,0
33,0
39,0
32,0
128,0
21,0
59,0
65,0
59,0
89,0
7,0
5,0
142,0
45,0
16,0
79,0
128,0
152,0
108,0
137,0
122,0
12,0
64,0
123,0
146,0
144,0
41,0
9,0
2,0
123,0
100,0
35,0
27,0
12,0
9,0
24,0
138,0
132,0
98,0
141,0
52,0
76,0
123,0
134,0
101,0
90,0
127,0
149,0
45,0
127,0
68,0
4,0
6,0
78,0
147,0
6,0
13,0
91,0
53,0
92,0
40,0
24,0
47,0
118,0
80,0
30,0
134,0
12,0
23,0
20,0
57,0
30,0
41,0
57,0
129,0
37,0
96,0
123,0
59,0
39,0
142,0
44,0
48,0
138,0
102,0
132,0
84,0
19,0
127,0
96,0
127,0
128,0
51,0
119,0
24,0
61,0
90,0
119,0
69,0
33,0
111,0
130,0
154,0
31,0
26,0
130,0
136,0
81,0
14,0
102,0
44,0
57,0
123,0
58,0
38,0
126,0
17,0
27,0
14,0
28,0
26,0
13,0
74,0
47,0
116,0
51,0
42,0
56,0
34,0
135,0
115,0
24,0
34,0
118,0
49,0
28,0
89,0
3,0
100,0
138,0
99,0
61,0
98,0
68,0
85,0
108,0
73,0
28,0
134,0
137,0
42,0
70,0
150,0
80,0
46,0
27,0
122,0
47,0
67,0
5,0
3,0
70,0
137,0
103,0
122,0
18,0
1,0
47,0
76,0
74,0
130,0
107,0
37,0
142,0
112,0
120,0
47,0
129,0
52,0
92,0
78,0
45,0
84,0
6,0
9,0
135,0
118,0
2,0
133,0
49,0
11,0
19,0
34,0
4,0
57,0
128,0
10,0
17,0
6,0
87,0
90,0
138,0
92,0
37,0
133,0
49,0
92,0
5,0
88,0
15,0
153,0
150,0
11,0
57,0
40,0
140,0
63,0
23,0
120,0
142,0
138,0
122,0
137,0
121,0
31,0
0,0
128,0
29,0
12,0
57,0
104,0
72,0
42,0
63,0
118,0
120,0
128,0
30,0
110,0
132,0
80,0
34,0
146,0
38,0
14,0
0,0
46,0
143,0
125,0
142,0
71,0
123,0
33,0
51,0
93,0
36,0
142,0
110,0
48,0
67,0
73,0
84,0
72,0
56,0
42,0
38,0
98,0
27,0
48,0
100,0
6,0
29,0
31,0
30,0
113,0
35,0
4,0
128,0
123,0
99,0
13,0
31,0
45,0
4,0
49,0
2,0
136,0
88,0
19,0
101,0
121,0
53,0
123,0
132,0
30,0
149,0
4,0
0,0
1,0
123,0
108,0
37,0
29,0
50,0
24,0
47,0
127,0
122,0
111,0
145,0
60,0
38,0
92,0
68,0
111,0
64,0
30,0
81,0
8,0
59,0
126,0
128,0
35,0
123,0
2,0
47,0
102,0
123,0
0,0
11,0
46,0
128,0
67,0
55,0
42,0
22,0
23,0
122,0
122,0
136,0
7,0
8,0
129,0
138,0
47,0
143,0
136,0
144,0
128,0
29,0
72,0
30,0
51,0
93,0
53,0
59,0
0,0
44,0
99,0
8,0
29,0
57,0
122,0
29,0
19,0
82,0
101,0
130,0
47,0
45,0
67,0
23,0
39,0
49,0
129,0
55,0
41,0
140,0
19,0
141,0
100,0
70,0
47,0
94,0
68,0
56,0
150,0
36,0
121,0
123,0
113,0
56,0
44,0
136,0
58,0
47,0
33,0
113,0
39,0
44,0
107,0
68,0
18,0
152,0
65,0
82,0
47,0
110,0
72,0
51,0
15,0
121,0
29,0
128,0
36,0
46,0
114,0
25,0
97,0
31,0
4,0
116,0
54,0
89,0
75,0
130,0
40,0
99,0
144,0
56,0
97,0
8,0
61,0
1,0
44,0
56,0
108,0
138,0
38,0
118,0
15,0
30,0
133,0
103,0
44,0
39,0
106,0
113,0
30,0
127,0
23,0
40,0
127,0
123,0
29,0
5,0
137,0
47,0
69,0
104,0
90,0
142,0
132,0
48,0
123,0
137,0
41,0
44,0
96,0
15,0
11,0
101,0
130,0
140,0
23,0
36,0
58,0
97,0
93,0
123,0
97,0
29,0
60,0
117,0
18,0
132,0
0,0
100,0
137,0
87,0
106,0
107,0
116,0
67,0
107,0
20,0
123,0
128,0
84,0
138,0
119,0
26,0
38,0
134,0
23,0
114,0
8,0
116,0
122,0
107,0
57,0
151,0
5,0
148,0
52,0
128,0
3,0
112,0
18,0
143,0
129,0
123,0
28,0
111,0
20,0
82,0
32,0
75,0
154,0
85,0
116,0
32,0
131,0
108,0
49,0
139,0
57,0
142,0
136,0
135,0
114,0
104,0
12,0
9,0
85,0
46,0
131,0
49,0
124,0
90,0
47,0
122,0
137,0
133,0
6,0
150,0
2,0
63,0
52,0
114,0
76,0
107,0
58,0
118,0
75,0
123,0
128,0
6,0
117,0
127,0
83,0
77,0
42,0
43,0
23,0
71,0
132,0
39,0
123,0
133,0
20,0
134,0
67,0
99,0
45,0
121,0
98,0
53,0
102,0
31,0
25,0
125,0
40,0
28,0
47,0
23,0
102,0
65,0
126,0
12,0
127,0
50,0
35,0
55,0
128,0
8,0
144,0
98,0
103,0
55,0
17,0
8,0
99,0
128,0
24,0
81,0
106,0
121,0
125,0
65,0
3,0
135,0
102,0
13,0
151,0
23,0
20,0
13,0
71,0
13,0
47,0
49,0
114,0
87,0
6,0
9,0
85,0
101,0
134,0
142,0
47,0
32,0
115,0
137,0
72,0
124,0
117,0
50,0
95,0
68,0
72,0
147,0
94,0
100,0
117,0
2,0
134,0
124,0
4,0
48,0
16,0
22,0
123,0
109,0
120,0
69,0
63,0
60,0
149,0
30,0
128,0
112,0
4,0
85,0
121,0
38,0
115,0
56,0
103,0
88,0
144,0
8,0
11,0
92,0
74,0
113,0
95,0
129,0
36,0
143,0
38,0
3,0
133,0
29,0
99,0
130,0
136,0
128,0
47,0
23,0
47,0
142,0
118,0
133,0
108,0
88,0
51,0
97,0
69,0
39,0
47,0
127,0
129,0
123,0
88,0
101,0
51,0
43,0
11,0
143,0
54,0
78,0
141,0
153,0
144,0
142,0
89,0
23,0
78,0
125,0
31,0
150,0
127,0
122,0
117,0
23,0
46,0
2,0
33,0
139,0
130,0
66,0
123,0
56,0
130,0
62,0
29,0
34,0
6,0
97,0
7,0
121,0
79,0
18,0
142,0
116,0
10,0
95,0
126,0
101,0
35,0
53,0
151,0
136,0
5,0
66,0
48,0
122,0
123,0
13,0
119,0
130,0
124,0
16,0
65,0
58,0
12,0
47,0
33,0
24,0
127,0
72,0
127,0
92,0
12,0
54,0
132,0
102,0
107,0
118,0
106,0
135,0
149,0
74,0
140,0
127,0
