136,138
113,113
127,127
95,130
144,15
50,133
59,59
146,79
105,105
51,52
40,41
71,71
58,58
142,141
115,37
36,36
17,5
56,56
145,33
134,130
108,20
145,121
119,119
68,68
88,88
28,28
135,135
26,26
14,14
87,87
144,67
68,61
123,122
1,1
146,95
0,0
143,143
118,22
100,100
88,75
28,144
28,28
59,59
123,123
122,66
98,98
149,5
136,49
46,46
124,150
145,142
123,139
104,104
56,56
97,97
128,114
110,65
39,39
32,32
17,17
70,146
49,49
82,138
123,123
146,146
47,150
106,106
48,9
38,5
138,65
150,150
114,114
85,79
73,73
13,13
54,7
67,65
12,12
6,6
144,47
71,71
125,42
57,57
144,144
7,123
29,0
122,149
146,97
150,124
4,4
79,96
146,146
51,45
117,117
63,63
51,59
22,22
62,24
151,151
11,11
122,138
57,57
117,26
43,43
60,116
110,110
85,85
145,145
92,32
116,120
148,148
151,52
82,86
28,8
48,25
153,144
117,117
28,28
50,50
124,154
127,127
140,140
38,37
46,128
40,150
136,136
118,103
102,18
46,46
138,137
85,75
40,43
19,19
9,9
47,65
102,102
10,48
129,129
8,150
14,14
145,104
120,120
86,74
84,76
103,103
57,57
18,34
6,46
36,62
122,124
93,78
90,90
60,60
53,139
50,66
25,25
120,120
5,5
136,27
30,123
127,127
122,62
128,141
8,0
29,4
21,21
143,112
101,112
47,36
18,18
112,112
74,98
92,92
115,34
116,110
11,11
115,115
88,94
116,116
109,109
45,62
63,71
102,102
149,149
94,148
151,137
0,0
53,136
109,109
122,110
85,85
55,73
97,97
17,17
39,129
137,121
54,54
66,72
56,56
110,110
87,87
104,104
125,64
115,115
24,24
142,47
45,14
73,73
141,151
136,143
11,11
90,131
46,7
22,38
144,53
47,47
114,114
71,25
24,31
63,63
141,33
51,70
129,112
89,75
8,18
142,142
115,115
2,37
56,72
136,28
46,9
151,153
63,3
47,5
1,1
31,65
64,64
21,56
20,152
95,95
103,103
75,94
140,18
19,19
23,121
112,112
142,142
57,28
72,72
64,64
128,72
109,109
42,112
77,146
17,6
21,21
145,149
4,48
94,94
113,113
83,98
149,100
45,36
41,40
138,140
74,74
13,13
140,60
60,60
95,95
42,42
69,69
66,66
5,31
26,116
126,138
27,27
26,116
66,66
119,119
12,12
102,118
142,144
93,131
130,95
152,152
141,44
120,105
116,116
89,90
80,83
29,51
99,99
32,35
74,83
19,117
30,115
100,100
77,146
97,130
52,100
143,106
68,62
31,72
78,78
128,54
141,122
133,93
16,16
122,34
108,108
110,55
86,74
36,36
141,141
115,26
24,24
90,98
1,1
77,77
86,86
69,69
59,59
83,83
59,59
97,97
32,32
145,105
8,8
101,58
149,82
34,34
90,90
131,131
40,43
55,110
34,67
8,56
141,141
54,54
128,37
125,5
78,86
116,115
16,61
8,8
89,88
126,126
148,74
52,35
149,149
83,83
107,107
114,114
146,146
146,146
17,0
26,129
132,132
143,114
51,51
144,144
2,2
61,61
141,6
123,147
11,11
21,143
113,113
23,23
60,3
1,70
113,113
142,10
80,80
53,53
70,67
22,141
150,45
123,124
54,52
9,1
76,95
130,93
44,53
135,135
4,21
150,41
75,77
29,141
17,31
82,20
148,148
28,28
17,129
153,145
29,52
17,49
35,145
144,67
111,111
42,38
44,44
37,37
85,96
76,76
90,90
110,111
147,147
119,119
9,9
33,102
42,108
121,121
52,58
94,97
3,45
124,101
38,20
61,22
106,106
130,135
100,32
72,72
121,138
40,24
151,151
32,32
4,4
142,107
136,71
59,59
149,52
128,128
4,50
116,116
99,70
141,142
123,11
40,118
49,54
154,12
13,34
47,99
150,33
110,110
66,61
75,88
141,70
141,46
4,41
72,139
136,53
68,68
142,35
142,57
57,57
141,20
31,31
34,23
47,64
67,30
32,32
18,0
81,97
146,95
14,145
145,144
39,39
86,75
36,62
121,121
125,36
118,38
16,15
28,28
112,112
60,60
92,92
148,135
128,151
35,12
126,126
145,150
33,33
49,49
43,118
66,59
135,135
10,25
124,127
142,46
90,90
3,3
0,37
113,154
24,22
42,42
132,132
44,21
57,24
4,121
120,113
35,2
135,135
116,115
144,149
127,40
37,30
12,109
81,81
12,12
100,100
116,115
118,19
46,39
58,58
123,151
100,100
28,33
115,36
134,91
88,88
79,76
110,110
63,63
86,131
22,22
150,11
68,69
28,28
50,29
41,41
9,41
96,148
87,93
53,123
89,148
65,20
101,101
140,140
88,111
3,127
102,109
142,125
145,42
90,90
95,95
14,35
89,94
123,123
149,149
49,101
22,22
99,99
122,138
90,91
92,92
1,32
48,9
89,88
61,61
25,27
36,36
128,46
67,66
6,33
88,90
110,109
57,70
49,49
79,79
88,88
80,80
26,115
102,102
70,39
56,37
122,142
26,26
142,36
44,44
127,123
125,125
43,45
80,96
145,145
42,42
46,0
142,121
113,113
47,140
89,130
67,67
91,91
56,56
48,48
94,94
100,100
33,48
55,110
94,134
29,29
141,27
88,1
44,10
126,11
128,114
4,4
129,43
23,51
65,67
151,151
30,32
12,12
12,105
60,64
104,104
79,79
135,95
39,38
128,31
139,139
79,87
141,127
133,146
141,141
127,127
73,111
38,63
69,69
60,103
51,10
128,128
13,13
138,138
14,14
55,55
48,121
33,33
133,135
7,7
124,63
66,152
57,143
88,13
126,126
0,0
146,85
80,96
144,144
142,26
60,124
14,15
54,54
97,132
134,76
137,71
129,73
138,149
6,54
88,92
61,20
93,81
123,113
40,68
149,116
77,98
52,112
136,52
4,4
130,146
18,73
48,108
105,105
102,34
13,145
126,18
48,28
81,81
11,11
100,100
37,19
50,51
89,94
29,10
16,16
139,129
108,39
30,50
83,83
139,143
46,147
93,93
123,38
143,106
133,133
111,58
52,54
151,7
56,56
96,96
29,123
122,137
95,97
89,80
37,37
95,86
125,45
108,108
48,28
1,154
1,1
35,35
43,27
82,6
146,85
96,96
0,41
141,141
33,33
4,29
127,11
51,118
96,93
28,48
2,45
6,6
102,67
137,53
59,59
93,93
90,90
4,4
150,3
145,18
151,137
135,96
88,88
51,4
24,21
119,119
75,75
108,59
1,35
111,71
121,51
104,104
23,23
52,52
11,39
113,129
108,108
117,117
54,142
37,37
25,25
14,14
111,111
48,25
31,31
122,71
130,81
28,28
128,128
4,50
140,103
47,24
118,118
95,130
133,133
42,48
6,6
102,152
98,79
28,48
7,7
89,75
97,97
11,35
141,121
52,51
92,92
92,84
59,59
20,22
11,113
68,68
71,4
46,28
128,58
23,66
105,105
105,57
85,85
52,4
139,126
144,144
7,59
109,113
128,127
127,64
99,106
92,92
142,68
132,132
106,106
144,139
1,45
82,109
115,149
76,76
30,108
109,109
142,149
151,40
89,89
63,100
109,103
123,126
89,89
101,101
72,72
78,77
55,110
33,63
66,66
150,115
0,0
114,114
101,102
88,88
101,101
85,131
139,139
123,11
29,71
136,20
53,124
110,110
124,124
49,52
120,119
66,66
44,42
83,80
9,9
9,9
103,103
140,118
34,144
94,94
142,137
98,134
148,25
146,146
30,35
88,88
105,105
32,32
4,41
20,20
61,61
127,127
47,62
144,15
130,79
31,48
32,10
55,110
54,54
74,74
76,76
58,58
137,30
116,115
120,120
132,132
93,146
3,61
17,42
10,10
130,95
133,134
123,126
26,26
140,60
93,93
94,89
151,151
20,20
55,55
90,90
12,12
94,89
16,47
9,9
137,137
10,10
86,80
7,21
15,15
39,40
47,47
129,44
129,153
70,70
16,16
51,103
29,29
33,13
104,111
45,99
113,52
66,152
52,71
107,109
16,2
141,20
116,29
61,60
59,59
133,89
123,9
76,76
121,29
1,44
52,17
120,136
42,63
61,22
124,46
121,40
107,117
96,96
109,109
19,117
128,154
137,137
110,73
145,9
150,139
18,95
83,83
63,66
75,146
95,95
11,11
60,60
138,81
71,71
57,81
126,126
134,87
23,23
31,30
23,23
31,31
13,13
51,30
78,74
151,151
59,109
64,29
145,145
126,122
30,30
47,47
75,75
10,10
151,73
97,133
122,141
107,99
40,12
10,9
23,23
108,108
86,87
20,20
12,100
21,106
79,96
94,94
80,80
145,145
86,80
123,55
106,106
85,76
91,91
151,151
107,107
66,102
123,123
17,140
94,94
88,88
124,26
88,80
139,143
45,45
75,75
28,10
77,77
116,30
113,113
63,15
95,87
1,53
39,145
20,20
122,46
116,115
71,44
26,115
143,143
142,65
121,121
57,57
125,36
151,72
76,74
66,66
120,101
109,58
126,128
145,122
32,32
108,108
21,103
22,22
16,101
0,0
112,112
20,22
110,110
58,58
130,131
6,11
128,54
25,8
55,105
60,3
119,119
47,125
86,86
105,62
145,24
134,82
37,2
41,41
110,110
6,65
17,47
94,146
68,62
142,152
151,39
11,11
62,36
139,139
102,102
65,0
46,46
41,38
30,23
149,129
143,116
29,29
85,85
17,17
12,150
51,68
42,36
27,28
121,21
25,127
129,129
10,10
126,115
37,21
3,24
94,94
103,103
42,42
6,46
3,3
2,2
123,122
151,66
138,109
17,149
62,70
51,69
32,152
43,40
13,13
34,144
46,105
52,52
83,83
51,54
19,19
124,55
139,60
95,95
82,26
119,113
136,152
8,22
24,4
51,17
142,38
11,11
125,45
151,151
11,148
54,54
124,137
107,23
49,49
129,129
17,3
133,84
123,153
91,98
65,65
62,62
119,119
102,18
142,5
49,49
23,109
142,68
14,14
18,18
105,105
99,99
128,136
123,54
57,68
145,110
100,100
69,68
101,104
148,135
77,77
31,72
23,150
30,30
29,62
70,58
66,23
101,101
24,125
117,31
140,5
96,96
28,28
22,22
123,53
1,125
50,49
52,49
97,93
106,143
105,105
142,138
115,117
108,99
89,94
74,74
17,17
150,41
45,21
126,28
47,47
72,17
23,103
68,60
32,38
124,46
107,107
116,16
54,4
95,77
52,12
87,74
85,85
57,33
12,145
135,135
94,94
142,71
145,1
102,62
68,71
66,121
88,147
113,113
54,29
122,105
35,35
111,111
123,127
42,129
36,36
142,12
126,138
12,34
149,125
1,1
51,154
48,25
90,86
140,150
82,82
59,59
11,136
76,78
32,32
88,94
12,11
108,38
73,73
124,149
146,132
136,126
118,15
128,106
53,29
96,96
48,9
45,23
71,65
142,32
8,57
18,18
52,126
8,17
5,154
101,101
134,148
152,152
53,122
41,41
57,27
80,78
4,105
92,92
44,100
90,75
142,16
106,106
65,68
140,5
6,6
129,60
88,84
61,62
12,16
138,4
64,151
55,110
88,133
100,100
57,57
48,154
92,148
54,56
150,42
0,64
83,83
142,22
146,86
39,39
133,133
32,32
16,16
97,120
85,85
143,105
77,81
88,98
71,71
11,27
7,57
130,82
66,137
87,74
66,43
53,152
50,50
3,103
129,129
37,147
29,50
91,91
45,45
42,42
7,36
102,72
130,131
123,53
116,52
49,4
91,91
13,13
57,57
129,3
144,19
18,18
139,96
132,132
9,9
82,80
138,109
146,130
12,44
142,142
138,138
57,8
51,51
26,36
129,153
144,144
141,141
96,86
17,5
80,80
20,145
144,34
89,89
12,111
137,137
129,142
35,13
28,28
108,108
3,138
69,69
9,9
81,148
129,123
134,134
113,113
51,16
118,118
116,116
142,56
79,78
23,107
11,11
123,21
58,58
17,140
44,44
55,55
54,52
59,152
3,3
147,147
59,59
127,53
57,140
70,37
149,99
66,66
89,89
29,29
14,14
34,34
123,34
129,11
96,95
1,1
103,58
120,113
71,71
82,94
104,104
86,131
118,42
11,33
51,11
103,103
142,6
118,109
25,39
13,34
128,105
120,141
77,77
132,132
14,145
88,31
51,142
2,2
22,22
4,34
9,9
72,72
116,115
129,19
144,153
142,70
82,82
138,138
136,21
38,41
18,18
59,59
59,59
91,135
72,72
11,144
39,24
39,26
143,143
93,93
91,91
108,108
21,21
88,135
117,31
125,40
35,35
127,127
17,32
142,116
126,53
21,21
5,5
116,115
31,31
104,120
123,136
9,32
125,125
128,121
136,152
30,24
8,8
146,74
64,36
100,100
148,148
138,61
112,112
143,143
83,83
80,85
95,95
49,52
23,121
142,4
10,10
149,19
108,43
17,141
149,149
87,78
72,112
103,109
28,8
81,81
19,19
0,0
106,106
17,137
90,88
146,146
32,32
7,60
42,32
12,21
25,40
140,137
133,133
126,18
47,47
18,67
46,6
21,21
6,50
85,85
16,16
55,55
14,14
29,29
96,80
107,107
142,106
10,25
9,10
32,32
108,108
4,22
5,5
115,115
52,124
82,82
134,75
11,62
43,38
10,9
33,33
154,154
22,22
84,84
111,111
8,8
56,56
128,53
116,39
142,142
51,102
83,83
128,71
71,141
4,31
122,87
143,104
46,43
90,90
77,77
123,0
1,1
144,104
104,104
25,25
123,137
30,41
30,10
105,105
154,139
0,118
91,79
134,134
50,49
9,9
84,85
56,32
43,10
6,6
10,48
133,89
88,88
95,90
145,145
69,71
127,129
52,122
130,133
12,12
89,93
59,39
138,5
146,77
114,114
144,15
98,98
32,32
110,55
30,30
39,48
30,53
49,49
5,3
130,130
72,138
66,66
47,70
30,30
50,151
34,34
152,152
75,75
56,56
2,2
133,85
96,82
90,98
128,141
4,49
51,34
136,52
11,11
107,107
10,9
89,89
52,59
138,121
132,132
66,64
124,151
122,46
13,13
137,121
3,25
127,68
27,27
73,73
123,11
62,65
66,24
24,24
69,69
103,109
134,134
99,99
91,91
127,47
97,80
10,15
27,27
4,4
126,126
50,24
89,134
64,150
28,28
84,84
51,14
29,52
85,84
11,11
46,46
7,7
76,76
57,25
68,68
85,85
44,44
83,82
133,133
27,27
71,69
148,148
117,117
64,57
58,58
74,86
31,24
142,124
129,129
34,68
11,34
76,76
15,15
71,50
19,26
51,136
59,58
17,33
66,6
130,94
124,50
145,21
95,95
4,105
98,98
2,113
8,47
79,79
88,88
145,145
142,72
72,72
97,86
112,112
99,73
3,63
133,79
58,103
60,60
126,35
89,96
70,70
51,22
112,119
150,27
79,79
53,49
89,97
131,74
133,148
128,15
115,41
2,146
5,17
4,3
23,23
124,124
136,70
4,49
150,145
146,86
122,122
116,120
7,29
129,26
142,42
32,2
127,46
92,92
111,55
136,136
145,107
104,104
143,0
87,79
134,97
11,11
149,117
91,91
130,130
49,51
111,111
137,137
130,134
62,5
88,108
3,5
4,0
5,149
68,29
73,73
42,70
38,40
136,6
126,126
23,20
123,33
12,12
140,63
119,119
99,99
151,151
4,15
126,28
87,87
12,125
4,4
19,19
6,58
48,56
84,85
104,104
85,85
6,4
89,89
40,40
124,111
95,81
120,120
99,99
128,46
106,106
48,48
14,14
142,118
127,123
121,122
107,56
145,35
67,67
12,32
109,109
10,10
74,135
126,126
60,60
42,22
81,93
65,70
104,31
128,127
115,31
82,7
4,4
99,99
34,34
73,55
69,69
121,145
79,76
126,58
89,97
59,20
19,41
144,124
69,39
127,6
47,144
89,133
120,120
89,75
140,140
124,131
99,99
50,107
102,102
97,89
115,115
17,90
89,85
128,29
114,114
53,54
144,24
105,55
16,16
120,69
8,21
68,108
50,50
15,62
33,33
68,68
52,52
91,91
33,126
142,142
3,50
34,34
66,153
148,148
11,23
150,20
10,10
142,68
46,57
45,38
57,68
133,81
46,94
35,72
99,56
109,58
102,101
9,10
107,107
65,101
1,1
103,103
99,73
129,72
98,98
66,70
80,80
12,12
31,31
6,72
118,118
47,47
11,11
37,2
73,139
84,85
64,64
41,40
122,124
18,70
119,119
79,98
0,4
33,33
142,65
139,139
27,12
14,14
120,120
72,38
146,78
82,117
12,12
123,114
140,140
150,137
129,58
66,66
27,27
128,51
47,33
47,28
54,54
65,127
0,62
95,93
128,126
8,3
52,140
80,80
6,6
47,50
87,83
97,91
46,38
72,3
36,36
8,48
109,109
115,39
70,39
75,84
57,57
72,70
142,142
112,112
62,62
40,40
150,23
127,127
120,126
138,138
30,45
115,115
47,150
143,143
27,147
0,40
60,30
16,16
48,3
134,86
86,84
142,72
18,18
71,71
26,26
50,50
121,150
45,45
38,38
51,116
70,63
42,32
128,122
61,22
22,22
141,34
20,22
137,137
133,133
45,25
12,12
136,73
44,44
124,124
90,96
97,76
128,0
16,16
28,153
5,3
6,6
119,119
66,22
142,71
128,55
74,74
67,34
140,19
68,62
60,61
142,33
17,149
2,40
41,150
146,81
69,116
75,75
25,48
20,75
96,82
68,138
25,109
43,129
11,11
142,37
6,69
90,77
5,40
57,126
27,39
2,5
80,80
27,27
94,94
110,110
92,77
4,4
121,63
118,38
92,80
77,77
55,55
12,35
