114,0
96,0
47,0
43,0
74,0
120,0
71,0
138,0
123,0
128,0
87,0
88,0
131,0
144,0
80,0
5,0
111,0
134,0
35,0
138,0
129,0
88,0
1,0
47,0
17,0
108,0
13,0
111,0
77,0
83,0
49,0
148,0
132,0
113,0
47,0
46,0
146,0
76,0
0,0
145,0
45,0
139,0
34,0
83,0
123,0
19,0
133,0
13,0
153,0
13,0
17,0
114,0
30,0
128,0
74,0
63,0
134,0
71,0
145,0
128,0
149,0
90,0
42,0
88,0
111,0
57,0
29,0
53,0
88,0
153,0
83,0
10,0
38,0
87,0
148,0
44,0
28,0
76,0
60,0
19,0
128,0
141,0
52,0
111,0
140,0
58,0
4,0
139,0
7,0
75,0
100,0
108,0
88,0
149,0
1,0
114,0
47,0
74,0
88,0
57,0
36,0
133,0
63,0
56,0
19,0
128,0
88,0
149,0
137,0
5,0
20,0
124,0
7,0
105,0
143,0
137,0
88,0
58,0
86,0
31,0
113,0
92,0
41,0
102,0
49,0
66,0
128,0
152,0
36,0
25,0
91,0
133,0
112,0
142,0
17,0
80,0
71,0
71,0
119,0
41,0
81,0
149,0
31,0
7,0
55,0
102,0
138,0
14,0
56,0
140,0
20,0
143,0
4,0
89,0
21,0
106,0
124,0
77,0
75,0
66,0
90,0
146,0
27,0
42,0
29,0
148,0
20,0
4,0
14,0
88,0
151,0
82,0
9,0
109,0
45,0
25,0
42,0
104,0
31,0
113,0
133,0
134,0
23,0
86,0
69,0
7,0
81,0
70,0
26,0
151,0
88,0
72,0
80,0
127,0
0,0
108,0
89,0
17,0
109,0
66,0
19,0
127,0
70,0
22,0
72,0
26,0
120,0
123,0
22,0
151,0
23,0
121,0
29,0
138,0
84,0
102,0
28,0
53,0
27,0
46,0
8,0
118,0
101,0
1,0
91,0
57,0
88,0
120,0
59,0
142,0
10,0
77,0
38,0
101,0
124,0
142,0
105,0
125,0
144,0
89,0
142,0
7,0
2,0
145,0
107,0
68,0
133,0
139,0
93,0
88,0
19,0
88,0
83,0
24,0
35,0
57,0
35,0
33,0
56,0
86,0
1,0
25,0
65,0
109,0
46,0
32,0
117,0
144,0
38,0
10,0
115,0
19,0
117,0
141,0
16,0
77,0
23,0
30,0
125,0
111,0
51,0
154,0
123,0
136,0
9,0
111,0
16,0
29,0
21,0
98,0
88,0
142,0
40,0
143,0
101,0
42,0
134,0
0,0
20,0
26,0
143,0
134,0
89,0
72,0
65,0
130,0
52,0
101,0
86,0
55,0
33,0
113,0
3,0
84,0
139,0
16,0
81,0
23,0
83,0
30,0
2,0
54,0
88,0
54,0
88,0
34,0
17,0
123,0
62,0
95,0
104,0
131,0
118,0
108,0
14,0
88,0
42,0
84,0
134,0
124,0
30,0
30,0
77,0
146,0
38,0
139,0
124,0
61,0
59,0
63,0
6,0
114,0
112,0
24,0
62,0
7,0
52,0
128,0
88,0
8,0
30,0
101,0
18,0
46,0
136,0
128,0
1,0
141,0
2,0
24,0
44,0
5,0
59,0
96,0
15,0
91,0
124,0
59,0
54,0
147,0
54,0
13,0
128,0
123,0
57,0
133,0
123,0
144,0
45,0
33,0
57,0
77,0
110,0
84,0
133,0
50,0
151,0
144,0
80,0
88,0
138,0
128,0
120,0
17,0
145,0
88,0
102,0
98,0
0,0
122,0
130,0
22,0
88,0
10,0
123,0
47,0
29,0
11,0
130,0
123,0
56,0
80,0
11,0
123,0
25,0
88,0
142,0
21,0
96,0
38,0
3,0
69,0
145,0
102,0
73,0
14,0
34,0
70,0
13,0
125,0
127,0
126,0
45,0
56,0
94,0
97,0
54,0
98,0
133,0
151,0
69,0
33,0
94,0
140,0
149,0
21,0
36,0
80,0
46,0
71,0
137,0
123,0
10,0
124,0
36,0
8,0
149,0
103,0
61,0
30,0
133,0
48,0
69,0
94,0
8,0
97,0
23,0
6,0
18,0
36,0
110,0
1,0
33,0
88,0
88,0
103,0
65,0
30,0
133,0
49,0
57,0
140,0
28,0
16,0
139,0
84,0
59,0
128,0
143,0
58,0
109,0
123,0
123,0
103,0
17,0
97,0
30,0
4,0
88,0
142,0
142,0
140,0
16,0
11,0
113,0
9,0
85,0
7,0
139,0
111,0
35,0
53,0
33,0
53,0
33,0
133,0
62,0
40,0
31,0
138,0
102,0
16,0
113,0
36,0
63,0
67,0
125,0
7,0
7,0
66,0
139,0
124,0
142,0
71,0
134,0
81,0
14,0
119,0
16,0
42,0
88,0
31,0
37,0
30,0
70,0
135,0
46,0
96,0
97,0
144,0
59,0
83,0
127,0
23,0
143,0
123,0
4,0
130,0
31,0
56,0
74,0
88,0
2,0
102,0
75,0
88,0
57,0
52,0
4,0
8,0
142,0
21,0
142,0
30,0
148,0
50,0
75,0
1,0
46,0
122,0
56,0
103,0
28,0
76,0
90,0
128,0
108,0
66,0
65,0
58,0
124,0
59,0
129,0
1,0
123,0
121,0
4,0
105,0
116,0
126,0
59,0
41,0
53,0
23,0
9,0
44,0
88,0
71,0
47,0
149,0
35,0
120,0
128,0
38,0
8,0
51,0
94,0
50,0
81,0
66,0
53,0
48,0
126,0
57,0
133,0
59,0
121,0
132,0
70,0
1,0
128,0
88,0
142,0
132,0
88,0
80,0
100,0
46,0
129,0
128,0
116,0
128,0
102,0
21,0
43,0
127,0
79,0
9,0
87,0
63,0
0,0
88,0
124,0
29,0
116,0
142,0
6,0
125,0
149,0
36,0
54,0
28,0
125,0
97,0
24,0
137,0
128,0
120,0
105,0
88,0
124,0
108,0
19,0
68,0
5,0
128,0
151,0
51,0
72,0
133,0
105,0
88,0
54,0
88,0
115,0
0,0
82,0
106,0
124,0
143,0
88,0
54,0
64,0
53,0
79,0
148,0
88,0
8,0
148,0
108,0
111,0
77,0
32,0
14,0
6,0
0,0
120,0
68,0
127,0
35,0
65,0
100,0
106,0
59,0
23,0
151,0
50,0
123,0
122,0
125,0
40,0
30,0
22,0
118,0
53,0
128,0
100,0
142,0
88,0
144,0
70,0
20,0
95,0
128,0
142,0
125,0
149,0
40,0
133,0
102,0
9,0
30,0
25,0
31,0
143,0
93,0
92,0
4,0
124,0
98,0
12,0
133,0
98,0
18,0
29,0
17,0
45,0
13,0
128,0
50,0
88,0
88,0
26,0
6,0
98,0
41,0
98,0
113,0
64,0
18,0
51,0
135,0
7,0
119,0
33,0
133,0
115,0
91,0
0,0
143,0
37,0
100,0
14,0
47,0
29,0
120,0
46,0
23,0
63,0
139,0
143,0
32,0
93,0
57,0
17,0
87,0
4,0
104,0
54,0
49,0
18,0
105,0
62,0
88,0
36,0
74,0
56,0
92,0
51,0
88,0
18,0
29,0
58,0
142,0
89,0
134,0
21,0
29,0
150,0
23,0
142,0
90,0
81,0
88,0
106,0
129,0
100,0
8,0
8,0
8,0
87,0
88,0
30,0
80,0
133,0
74,0
144,0
136,0
0,0
33,0
17,0
46,0
76,0
32,0
111,0
46,0
70,0
139,0
122,0
128,0
71,0
88,0
101,0
38,0
104,0
133,0
33,0
17,0
47,0
131,0
88,0
41,0
35,0
89,0
26,0
128,0
88,0
21,0
60,0
31,0
139,0
69,0
63,0
69,0
127,0
1,0
133,0
70,0
128,0
141,0
123,0
110,0
1,0
87,0
25,0
11,0
47,0
88,0
128,0
18,0
22,0
105,0
35,0
72,0
127,0
88,0
48,0
131,0
81,0
26,0
26,0
137,0
68,0
73,0
50,0
75,0
107,0
125,0
125,0
20,0
101,0
137,0
90,0
128,0
101,0
79,0
60,0
109,0
37,0
30,0
79,0
88,0
75,0
55,0
32,0
115,0
75,0
88,0
64,0
85,0
107,0
67,0
11,0
93,0
145,0
148,0
140,0
58,0
117,0
118,0
85,0
51,0
73,0
66,0
81,0
144,0
34,0
79,0
23,0
43,0
142,0
133,0
15,0
69,0
39,0
42,0
56,0
98,0
98,0
144,0
39,0
142,0
151,0
108,0
98,0
76,0
105,0
113,0
118,0
94,0
119,0
71,0
117,0
106,0
31,0
80,0
7,0
14,0
30,0
20,0
130,0
61,0
34,0
72,0
111,0
117,0
122,0
115,0
46,0
111,0
111,0
72,0
74,0
32,0
58,0
88,0
135,0
142,0
9,0
76,0
31,0
74,0
61,0
152,0
88,0
29,0
85,0
33,0
34,0
136,0
93,0
87,0
142,0
125,0
23,0
121,0
32,0
88,0
88,0
25,0
7,0
90,0
18,0
14,0
88,0
53,0
79,0
24,0
36,0
39,0
41,0
76,0
5,0
88,0
123,0
67,0
41,0
147,0
88,0
37,0
123,0
100,0
18,0
47,0
113,0
8,0
17,0
29,0
117,0
142,0
128,0
6,0
140,0
0,0
4,0
88,0
117,0
139,0
64,0
53,0
86,0
137,0
58,0
68,0
88,0
139,0
114,0
30,0
141,0
105,0
38,0
25,0
79,0
29,0
13,0
68,0
16,0
70,0
31,0
47,0
30,0
110,0
24,0
83,0
140,0
108,0
26,0
35,0
91,0
103,0
44,0
142,0
123,0
50,0
117,0
30,0
14,0
47,0
146,0
131,0
88,0
129,0
20,0
140,0
66,0
136,0
88,0
126,0
94,0
21,0
133,0
120,0
103,0
64,0
5,0
66,0
133,0
58,0
16,0
4,0
111,0
72,0
60,0
91,0
58,0
56,0
85,0
129,0
50,0
20,0
137,0
53,0
83,0
88,0
150,0
133,0
88,0
59,0
59,0
29,0
90,0
145,0
140,0
128,0
133,0
112,0
123,0
18,0
94,0
134,0
148,0
88,0
107,0
123,0
133,0
88,0
121,0
18,0
52,0
19,0
75,0
5,0
134,0
139,0
82,0
71,0
97,0
142,0
46,0
53,0
122,0
133,0
150,0
10,0
59,0
143,0
85,0
88,0
144,0
108,0
49,0
134,0
88,0
30,0
139,0
110,0
16,0
8,0
26,0
100,0
63,0
1,0
117,0
128,0
61,0
135,0
135,0
92,0
35,0
24,0
88,0
19,0
14,0
67,0
89,0
69,0
70,0
50,0
14,0
49,0
24,0
122,0
24,0
70,0
81,0
104,0
58,0
88,0
20,0
140,0
16,0
129,0
128,0
119,0
46,0
63,0
78,0
106,0
30,0
136,0
23,0
88,0
142,0
108,0
66,0
98,0
83,0
2,0
28,0
69,0
142,0
42,0
133,0
51,0
142,0
88,0
71,0
86,0
47,0
29,0
124,0
82,0
119,0
139,0
70,0
34,0
112,0
86,0
90,0
88,0
47,0
128,0
41,0
149,0
149,0
102,0
35,0
26,0
99,0
137,0
7,0
30,0
2,0
47,0
131,0
88,0
97,0
66,0
109,0
54,0
10,0
69,0
122,0
112,0
136,0
84,0
150,0
92,0
125,0
88,0
112,0
104,0
98,0
51,0
88,0
89,0
16,0
73,0
15,0
123,0
48,0
77,0
76,0
24,0
143,0
148,0
140,0
85,0
88,0
2,0
150,0
46,0
88,0
99,0
140,0
68,0
138,0
7,0
88,0
124,0
30,0
114,0
68,0
149,0
98,0
114,0
117,0
14,0
31,0
142,0
68,0
137,0
5,0
106,0
54,0
51,0
88,0
128,0
32,0
55,0
17,0
88,0
7,0
96,0
6,0
56,0
118,0
118,0
130,0
79,0
109,0
4,0
111,0
29,0
140,0
77,0
84,0
97,0
60,0
4,0
82,0
140,0
88,0
127,0
139,0
102,0
50,0
141,0
28,0
54,0
30,0
101,0
77,0
143,0
34,0
46,0
74,0
31,0
72,0
18,0
47,0
95,0
152,0
54,0
97,0
142,0
58,0
135,0
151,0
133,0
45,0
144,0
103,0
85,0
118,0
9,0
122,0
32,0
29,0
12,0
127,0
76,0
89,0
88,0
54,0
29,0
94,0
24,0
142,0
55,0
126,0
88,0
104,0
79,0
65,0
39,0
16,0
42,0
47,0
31,0
13,0
89,0
130,0
20,0
122,0
9,0
114,0
122,0
54,0
88,0
153,0
128,0
93,0
60,0
88,0
115,0
14,0
4,0
40,0
145,0
117,0
88,0
84,0
88,0
70,0
133,0
93,0
116,0
2,0
25,0
129,0
135,0
58,0
6,0
145,0
25,0
134,0
54,0
130,0
145,0
95,0
5,0
7,0
72,0
5,0
19,0
27,0
21,0
107,0
71,0
59,0
88,0
5,0
39,0
88,0
30,0
88,0
88,0
125,0
71,0
19,0
116,0
19,0
137,0
27,0
140,0
85,0
6,0
88,0
99,0
42,0
4,0
79,0
22,0
92,0
91,0
88,0
151,0
134,0
102,0
94,0
128,0
10,0
139,0
59,0
119,0
109,0
103,0
128,0
101,0
133,0
11,0
152,0
124,0
142,0
99,0
24,0
42,0
51,0
82,0
47,0
82,0
14,0
150,0
47,0
12,0
41,0
142,0
69,0
130,0
104,0
23,0
13,0
70,0
88,0
13,0
142,0
88,0
50,0
109,0
117,0
133,0
128,0
44,0
147,0
21,0
14,0
28,0
74,0
88,0
148,0
111,0
7,0
88,0
115,0
128,0
33,0
81,0
28,0
108,0
78,0
19,0
123,0
60,0
57,0
150,0
126,0
8,0
102,0
77,0
48,0
54,0
108,0
25,0
24,0
4,0
77,0
88,0
102,0
120,0
22,0
2,0
98,0
42,0
116,0
33,0
28,0
17,0
123,0
51,0
130,0
22,0
64,0
133,0
88,0
44,0
115,0
128,0
27,0
50,0
16,0
127,0
77,0
30,0
88,0
28,0
88,0
19,0
89,0
88,0
123,0
119,0
60,0
102,0
133,0
88,0
23,0
84,0
36,0
56,0
66,0
45,0
103,0
88,0
119,0
98,0
53,0
21,0
79,0
104,0
124,0
87,0
108,0
23,0
32,0
121,0
45,0
111,0
125,0
52,0
22,0
34,0
60,0
142,0
115,0
88,0
72,0
62,0
73,0
73,0
142,0
127,0
151,0
99,0
61,0
21,0
128,0
124,0
112,0
66,0
5,0
66,0
97,0
106,0
114,0
125,0
91,0
128,0
103,0
89,0
127,0
19,0
49,0
148,0
45,0
88,0
67,0
39,0
1,0
52,0
11,0
27,0
31,0
120,0
41,0
65,0
66,0
90,0
104,0
127,0
94,0
71,0
123,0
32,0
76,0
140,0
70,0
146,0
19,0
85,0
17,0
66,0
88,0
55,0
60,0
9,0
19,0
118,0
153,0
55,0
99,0
142,0
93,0
102,0
111,0
6,0
25,0
120,0
34,0
35,0
31,0
122,0
139,0
37,0
135,0
50,0
74,0
136,0
56,0
124,0
38,0
14,0
28,0
90,0
146,0
88,0
123,0
139,0
130,0
41,0
95,0
7,0
150,0
44,0
17,0
133,0
82,0
15,0
7,0
34,0
8,0
111,0
129,0
63,0
18,0
143,0
49,0
129,0
98,0
23,0
88,0
15,0
72,0
100,0
47,0
70,0
53,0
87,0
7,0
103,0
39,0
72,0
19,0
55,0
131,0
128,0
2,0
151,0
37,0
139,0
127,0
76,0
10,0
42,0
88,0
17,0
69,0
72,0
114,0
88,0
50,0
88,0
88,0
41,0
137,0
128,0
50,0
145,0
8,0
133,0
95,0
115,0
4,0
100,0
30,0
45,0
88,0
120,0
91,0
25,0
152,0
88,0
59,0
84,0
128,0
47,0
128,0
94,0
127,0
25,0
36,0
26,0
5,0
88,0
127,0
67,0
48,0
126,0
127,0
142,0
97,0
128,0
83,0
89,0
49,0
36,0
51,0
56,0
81,0
78,0
67,0
14,0
141,0
133,0
134,0
67,0
17,0
102,0
55,0
14,0
1,0
134,0
137,0
34,0
69,0
74,0
112,0
51,0
125,0
18,0
48,0
43,0
123,0
33,0
15,0
115,0
16,0
59,0
4,0
10,0
13,0
88,0
47,0
33,0
1,0
10,0
7,0
136,0
63,0
65,0
125,0
109,0
142,0
0,0
24,0
30,0
83,0
137,0
72,0
69,0
97,0
105,0
62,0
134,0
128,0
86,0
12,0
57,0
115,0
142,0
44,0
88,0
17,0
133,0
148,0
100,0
5,0
123,0
23,0
75,0
30,0
95,0
142,0
66,0
83,0
88,0
84,0
0,0
133,0
117,0
80,0
10,0
39,0
114,0
29,0
61,0
43,0
49,0
83,0
18,0
142,0
57,0
24,0
101,0
46,0
60,0
90,0
2,0
128,0
68,0
96,0
47,0
83,0
61,0
16,0
19,0
127,0
119,0
105,0
60,0
2,0
41,0
18,0
80,0
123,0
91,0
142,0
65,0
11,0
74,0
4,0
23,0
88,0
55,0
21,0
122,0
45,0
47,0
93,0
88,0
85,0
119,0
150,0
61,0
142,0
59,0
118,0
88,0
3,0
125,0
9,0
114,0
142,0
121,0
139,0
68,0
129,0
136,0
25,0
93,0
60,0
112,0
14,0
142,0
60,0
116,0
118,0
92,0
69,0
30,0
54,0
91,0
141,0
19,0
96,0
24,0
95,0
148,0
102,0
122,0
52,0
39,0
21,0
51,0
41,0
30,0
68,0
26,0
77,0
108,0
2,0
66,0
143,0
54,0
57,0
2,0
7,0
30,0
138,0
16,0
26,0
0,0
104,0
88,0
18,0
4,0
18,0
88,0
97,0
117,0
91,0
133,0
20,0
88,0
91,0
142,0
151,0
138,0
128,0
97,0
113,0
104,0
32,0
99,0
134,0
18,0
26,0
88,0
88,0
73,0
133,0
148,0
105,0
83,0
136,0
111,0
117,0
60,0
47,0
142,0
41,0
99,0
104,0
22,0
75,0
94,0
100,0
22,0
154,0
88,0
74,0
109,0
111,0
128,0
149,0
26,0
4,0
86,0
37,0
82,0
31,0
61,0
58,0
116,0
37,0
114,0
30,0
7,0
108,0
37,0
142,0
88,0
124,0
59,0
76,0
35,0
45,0
34,0
130,0
3,0
52,0
135,0
32,0
123,0
122,0
133,0
105,0
20,0
66,0
74,0
118,0
105,0
123,0
111,0
42,0
98,0
66,0
72,0
12,0
52,0
73,0
126,0
26,0
27,0
111,0
16,0
145,0
135,0
104,0
1,0
88,0
22,0
122,0
78,0
116,0
14,0
105,0
27,0
14,0
45,0
7,0
17,0
102,0
148,0
140,0
47,0
139,0
38,0
59,0
143,0
36,0
133,0
11,0
64,0
135,0
143,0
5,0
4,0
148,0
82,0
105,0
109,0
104,0
87,0
141,0
44,0
53,0
119,0
101,0
11,0
102,0
12,0
1,0
5,0
142,0
32,0
45,0
44,0
21,0
104,0
81,0
137,0
16,0
138,0
142,0
33,0
33,0
67,0
80,0
128,0
88,0
101,0
132,0
25,0
26,0
105,0
123,0
71,0
18,0
48,0
128,0
90,0
142,0
127,0
114,0
136,0
17,0
148,0
35,0
116,0
45,0
95,0
11,0
137,0
3,0
133,0
20,0
150,0
88,0
93,0
62,0
126,0
106,0
53,0
117,0
124,0
129,0
13,0
100,0
98,0
5,0
78,0
10,0
30,0
99,0
115,0
93,0
107,0
61,0
110,0
4,0
61,0
22,0
26,0
47,0
57,0
49,0
9,0
8,0
136,0
60,0
129,0
105,0
103,0
8,0
50,0
135,0
50,0
58,0
36,0
117,0
54,0
17,0
151,0
34,0
23,0
33,0
7,0
15,0
88,0
150,0
79,0
129,0
106,0
55,0
98,0
47,0
128,0
32,0
122,0
136,0
95,0
97,0
68,0
37,0
141,0
120,0
88,0
128,0
88,0
88,0
111,0
88,0
46,0
109,0
30,0
36,0
27,0
66,0
38,0
85,0
8,0
118,0
133,0
28,0
55,0
57,0
143,0
151,0
70,0
60,0
98,0
134,0
66,0
30,0
86,0
150,0
12,0
123,0
109,0
35,0
46,0
46,0
54,0
20,0
10,0
28,0
134,0
71,0
92,0
141,0
9,0
110,0
134,0
89,0
12,0
131,0
6,0
49,0
103,0
129,0
126,0
122,0
114,0
83,0
85,0
49,0
104,0
28,0
13,0
53,0
128,0
148,0
107,0
92,0
2,0
106,0
21,0
66,0
6,0
137,0
149,0
4,0
23,0
20,0
88,0
65,0
45,0
44,0
47,0
61,0
151,0
149,0
131,0
101,0
98,0
55,0
80,0
68,0
149,0
102,0
137,0
106,0
105,0
56,0
123,0
54,0
88,0
110,0
117,0
104,0
31,0
116,0
35,0
88,0
96,0
5,0
17,0
74,0
81,0
51,0
55,0
26,0
91,0
34,0
142,0
89,0
143,0
65,0
37,0
142,0
90,0
100,0
18,0
78,0
21,0
138,0
92,0
30,0
110,0
82,0
42,0
103,0
88,0
60,0
46,0
134,0
79,0
115,0
12,0
57,0
42,0
41,0
123,0
79,0
11,0
77,0
56,0
128,0
20,0
102,0
52,0
82,0
23,0
29,0
71,0
16,0
99,0
33,0
125,0
122,0
8,0
30,0
133,0
90,0
87,0
124,0
124,0
42,0
115,0
56,0
120,0
19,0
11,0
17,0
133,0
132,0
84,0
94,0
114,0
9,0
54,0
114,0
147,0
60,0
29,0
26,0
122,0
17,0
73,0
56,0
90,0
88,0
69,0
133,0
47,0
37,0
28,0
125,0
25,0
124,0
19,0
88,0
50,0
113,0
137,0
29,0
51,0
127,0
39,0
136,0
148,0
135,0
150,0
133,0
68,0
138,0
20,0
81,0
4,0
39,0
17,0
56,0
108,0
61,0
124,0
128,0
38,0
18,0
105,0
88,0
81,0
67,0
128,0
134,0
102,0
55,0
45,0
64,0
15,0
88,0
28,0
88,0
85,0
141,0
88,0
19,0
128,0
54,0
100,0
14,0
116,0
94,0
16,0
33,0
88,0
99,0
113,0
146,0
88,0
133,0
8,0
53,0
37,0
14,0
119,0
133,0
30,0
72,0
137,0
21,0
75,0
111,0
35,0
89,0
20,0
123,0
86,0
25,0
140,0
88,0
38,0
123,0
128,0
51,0
70,0
114,0
73,0
126,0
77,0
145,0
3,0
90,0
132,0
88,0
52,0
92,0
116,0
1,0
74,0
22,0
128,0
87,0
78,0
10,0
48,0
51,0
144,0
88,0
92,0
82,0
143,0
124,0
89,0
10,0
133,0
129,0
150,0
111,0
50,0
37,0
17,0
22,0
53,0
114,0
65,0
53,0
128,0
2,0
60,0
88,0
73,0
129,0
134,0
129,0
88,0
75,0
72,0
88,0
24,0
48,0
19,0
130,0
9,0
6,0
128,0
68,0
65,0
78,0
151,0
25,0
78,0
134,0
90,0
49,0
142,0
55,0
2,0
16,0
8,0
85,0
101,0
134,0
20,0
25,0
142,0
62,0
88,0
50,0
26,0
5,0
5,0
10,0
102,0
30,0
129,0
3,0
133,0
85,0
130,0
37,0
142,0
111,0
105,0
70,0
124,0
88,0
128,0
131,0
47,0
66,0
23,0
117,0
138,0
14,0
82,0
52,0
12,0
91,0
61,0
120,0
107,0
54,0
25,0
128,0
36,0
48,0
60,0
45,0
5,0
112,0
57,0
127,0
101,0
3,0
26,0
71,0
8,0
52,0
19,0
128,0
63,0
35,0
17,0
102,0
10,0
88,0
145,0
26,0
133,0
82,0
5,0
18,0
36,0
46,0
9,0
88,0
25,0
105,0
28,0
88,0
149,0
6,0
22,0
123,0
47,0
137,0
114,0
101,0
145,0
131,0
19,0
68,0
40,0
13,0
131,0
38,0
142,0
105,0
42,0
133,0
128,0
36,0
134,0
85,0
68,0
57,0
142,0
117,0
120,0
63,0
133,0
107,0
118,0
113,0
128,0
9,0
88,0
38,0
148,0
68,0
88,0
87,0
41,0
133,0
26,0
2,0
76,0
142,0
130,0
88,0
37,0
142,0
130,0
24,0
131,0
72,0
99,0
128,0
134,0
23,0
134,0
23,0
81,0
17,0
88,0
122,0
122,0
94,0
28,0
25,0
36,0
8,0
88,0
124,0
28,0
88,0
125,0
114,0
45,0
118,0
139,0
133,0
31,0
96,0
98,0
149,0
112,0
25,0
149,0
133,0
93,0
135,0
30,0
121,0
68,0
130,0
42,0
64,0
60,0
70,0
110,0
94,0
61,0
40,0
20,0
110,0
146,0
20,0
116,0
56,0
138,0
69,0
109,0
33,0
48,0
88,0
34,0
88,0
89,0
143,0
141,0
121,0
73,0
56,0
133,0
7,0
93,0
138,0
65,0
95,0
151,0
128,0
59,0
136,0
111,0
19,0
46,0
95,0
109,0
8,0
6,0
92,0
4,0
75,0
13,0
101,0
128,0
143,0
5,0
107,0
0,0
35,0
107,0
28,0
7,0
95,0
137,0
150,0
110,0
134,0
111,0
32,0
51,0
23,0
72,0
140,0
50,0
86,0
123,0
117,0
87,0
28,0
88,0
84,0
44,0
112,0
12,0
123,0
48,0
113,0
6,0
55,0
17,0
88,0
17,0
54,0
111,0
138,0
47,0
137,0
111,0
132,0
121,0
11,0
152,0
50,0
126,0
137,0
148,0
109,0
0,0
111,0
36,0
151,0
14,0
47,0
67,0
5,0
88,0
69,0
124,0
3,0
148,0
106,0
34,0
53,0
5,0
47,0
95,0
7,0
122,0
52,0
86,0
93,0
124,0
119,0
77,0
54,0
47,0
10,0
88,0
78,0
99,0
70,0
100,0
74,0
118,0
61,0
42,0
97,0
142,0
43,0
76,0
37,0
103,0
93,0
5,0
53,0
17,0
88,0
127,0
75,0
58,0
30,0
52,0
136,0
16,0
114,0
68,0
36,0
128,0
122,0
118,0
8,0
111,0
75,0
1,0
35,0
139,0
95,0
23,0
88,0
26,0
133,0
145,0
70,0
53,0
39,0
41,0
66,0
117,0
142,0
60,0
142,0
118,0
124,0
128,0
83,0
14,0
88,0
68,0
127,0
40,0
108,0
19,0
40,0
21,0
142,0
20,0
139,0
113,0
77,0
79,0
110,0
142,0
112,0
21,0
120,0
151,0
24,0
82,0
144,0
98,0
88,0
43,0
104,0
42,0
64,0
43,0
47,0
133,0
132,0
129,0
88,0
68,0
88,0
120,0
100,0
130,0
66,0
150,0
50,0
133,0
12,0
121,0
144,0
66,0
80,0
136,0
33,0
34,0
66,0
23,0
122,0
22,0
98,0
26,0
76,0
60,0
32,0
137,0
103,0
49,0
124,0
109,0
29,0
123,0
32,0
19,0
54,0
63,0
150,0
88,0
88,0
84,0
122,0
128,0
59,0
111,0
36,0
107,0
73,0
62,0
25,0
88,0
128,0
52,0
117,0
6,0
134,0
7,0
122,0
96,0
134,0
90,0
48,0
112,0
95,0
134,0
98,0
27,0
58,0
110,0
81,0
21,0
37,0
107,0
79,0
30,0
66,0
88,0
112,0
88,0
114,0
14,0
69,0
4,0
52,0
104,0
64,0
16,0
0,0
51,0
48,0
45,0
98,0
11,0
19,0
87,0
72,0
111,0
150,0
5,0
88,0
82,0
114,0
111,0
24,0
108,0
56,0
99,0
36,0
52,0
113,0
149,0
107,0
19,0
128,0
75,0
133,0
120,0
46,0
138,0
17,0
116,0
136,0
96,0
88,0
80,0
136,0
51,0
12,0
7,0
135,0
41,0
142,0
110,0
88,0
46,0
138,0
126,0
17,0
47,0
133,0
86,0
33,0
26,0
130,0
17,0
26,0
146,0
109,0
6,0
124,0
75,0
95,0
88,0
134,0
36,0
20,0
45,0
88,0
87,0
142,0
104,0
151,0
20,0
134,0
148,0
37,0
11,0
46,0
138,0
128,0
29,0
107,0
57,0
120,0
68,0
42,0
93,0
26,0
148,0
15,0
69,0
79,0
88,0
88,0
151,0
142,0
102,0
56,0
61,0
6,0
111,0
128,0
123,0
47,0
67,0
42,0
103,0
140,0
48,0
96,0
84,0
0,0
33,0
34,0
129,0
33,0
88,0
12,0
48,0
2,0
9,0
118,0
4,0
34,0
23,0
8,0
58,0
30,0
33,0
4,0
139,0
143,0
120,0
51,0
133,0
78,0
127,0
23,0
79,0
134,0
78,0
79,0
40,0
18,0
47,0
88,0
66,0
42,0
72,0
100,0
44,0
47,0
137,0
88,0
10,0
74,0
0,0
89,0
124,0
107,0
86,0
142,0
34,0
121,0
101,0
74,0
88,0
108,0
106,0
90,0
100,0
130,0
54,0
130,0
44,0
29,0
136,0
18,0
144,0
135,0
81,0
125,0
14,0
151,0
92,0
94,0
128,0
40,0
94,0
31,0
59,0
95,0
69,0
142,0
88,0
51,0
88,0
72,0
20,0
146,0
0,0
142,0
55,0
130,0
11,0
130,0
77,0
88,0
56,0
41,0
62,0
8,0
42,0
8,0
149,0
100,0
19,0
47,0
124,0
88,0
99,0
83,0
89,0
99,0
6,0
70,0
45,0
94,0
126,0
82,0
72,0
72,0
5,0
88,0
119,0
45,0
93,0
83,0
133,0
60,0
102,0
138,0
4,0
44,0
131,0
103,0
119,0
80,0
19,0
93,0
9,0
88,0
126,0
98,0
70,0
128,0
31,0
9,0
145,0
88,0
149,0
142,0
118,0
137,0
108,0
0,0
119,0
78,0
108,0
7,0
63,0
31,0
140,0
1,0
105,0
143,0
97,0
37,0
74,0
36,0
106,0
131,0
90,0
88,0
0,0
112,0
133,0
71,0
151,0
79,0
95,0
22,0
151,0
50,0
128,0
129,0
88,0
151,0
128,0
79,0
31,0
114,0
6,0
75,0
26,0
128,0
146,0
129,0
118,0
98,0
36,0
34,0
149,0
133,0
60,0
150,0
143,0
47,0
150,0
84,0
129,0
71,0
95,0
118,0
20,0
148,0
75,0
10,0
82,0
49,0
106,0
88,0
127,0
150,0
113,0
39,0
58,0
91,0
7,0
88,0
95,0
53,0
79,0
9,0
53,0
66,0
134,0
47,0
39,0
32,0
28,0
66,0
59,0
11,0
58,0
89,0
7,0
5,0
142,0
30,0
16,0
130,0
142,0
152,0
41,0
142,0
133,0
12,0
64,0
88,0
75,0
144,0
32,0
124,0
2,0
88,0
9,0
145,0
8,0
12,0
53,0
70,0
138,0
132,0
146,0
137,0
52,0
76,0
88,0
133,0
101,0
90,0
61,0
117,0
124,0
128,0
129,0
66,0
6,0
87,0
66,0
6,0
13,0
91,0
124,0
92,0
36,0
40,0
2,0
121,0
80,0
136,0
134,0
112,0
23,0
20,0
57,0
30,0
40,0
28,0
26,0
2,0
96,0
124,0
42,0
39,0
142,0
44,0
48,0
54,0
102,0
133,0
84,0
122,0
41,0
96,0
147,0
122,0
100,0
120,0
72,0
136,0
98,0
119,0
150,0
8,0
114,0
130,0
17,0
43,0
26,0
78,0
142,0
81,0
16,0
102,0
44,0
57,0
133,0
58,0
33,0
108,0
17,0
36,0
109,0
47,0
30,0
13,0
86,0
88,0
116,0
38,0
72,0
56,0
15,0
135,0
30,0
125,0
142,0
118,0
52,0
8,0
88,0
64,0
127,0
136,0
57,0
61,0
132,0
67,0
85,0
108,0
73,0
154,0
132,0
122,0
12,0
70,0
5,0
85,0
46,0
3,0
136,0
88,0
70,0
64,0
29,0
67,0
67,0
109,0
123,0
33,0
1,0
47,0
37,0
78,0
130,0
42,0
108,0
128,0
112,0
117,0
88,0
42,0
52,0
134,0
78,0
45,0
84,0
109,0
9,0
135,0
118,0
19,0
95,0
49,0
11,0
36,0
34,0
88,0
8,0
46,0
25,0
14,0
57,0
80,0
132,0
11,0
92,0
19,0
88,0
17,0
92,0
17,0
88,0
97,0
49,0
33,0
20,0
126,0
68,0
140,0
63,0
23,0
149,0
51,0
138,0
49,0
6,0
121,0
31,0
37,0
0,0
29,0
20,0
72,0
104,0
72,0
39,0
3,0
118,0
120,0
128,0
30,0
106,0
132,0
83,0
34,0
98,0
32,0
145,0
0,0
128,0
143,0
125,0
142,0
71,0
124,0
8,0
121,0
93,0
53,0
63,0
110,0
48,0
41,0
99,0
84,0
72,0
56,0
45,0
33,0
98,0
61,0
8,0
69,0
5,0
29,0
31,0
14,0
113,0
27,0
57,0
128,0
88,0
99,0
102,0
31,0
40,0
49,0
52,0
37,0
123,0
88,0
115,0
55,0
66,0
151,0
88,0
78,0
59,0
5,0
54,0
0,0
44,0
151,0
108,0
37,0
46,0
50,0
30,0
88,0
123,0
122,0
128,0
125,0
60,0
118,0
92,0
68,0
111,0
35,0
30,0
89,0
8,0
59,0
126,0
128,0
1,0
88,0
2,0
88,0
102,0
88,0
0,0
11,0
46,0
128,0
71,0
55,0
5,0
23,0
23,0
124,0
122,0
136,0
7,0
8,0
129,0
150,0
125,0
143,0
136,0
35,0
128,0
143,0
1,0
100,0
52,0
130,0
122,0
43,0
149,0
44,0
73,0
8,0
54,0
57,0
129,0
16,0
19,0
87,0
101,0
9,0
43,0
41,0
45,0
17,0
104,0
49,0
136,0
110,0
115,0
6,0
37,0
141,0
27,0
140,0
47,0
88,0
17,0
142,0
150,0
36,0
3,0
88,0
57,0
56,0
1,0
72,0
109,0
88,0
122,0
113,0
39,0
44,0
107,0
71,0
8,0
66,0
65,0
80,0
142,0
110,0
9,0
44,0
6,0
21,0
136,0
128,0
41,0
127,0
114,0
28,0
97,0
64,0
4,0
116,0
54,0
85,0
95,0
130,0
41,0
99,0
144,0
56,0
97,0
57,0
61,0
1,0
44,0
18,0
108,0
126,0
2,0
118,0
15,0
63,0
88,0
3,0
69,0
117,0
106,0
113,0
30,0
127,0
23,0
24,0
79,0
88,0
29,0
125,0
6,0
88,0
113,0
104,0
90,0
88,0
132,0
133,0
88,0
137,0
88,0
44,0
134,0
15,0
128,0
101,0
130,0
7,0
23,0
36,0
58,0
97,0
131,0
129,0
148,0
29,0
60,0
117,0
18,0
132,0
0,0
127,0
124,0
87,0
120,0
101,0
151,0
67,0
107,0
66,0
88,0
124,0
84,0
66,0
129,0
111,0
117,0
133,0
30,0
114,0
8,0
4,0
128,0
107,0
35,0
128,0
64,0
135,0
138,0
137,0
21,0
119,0
70,0
110,0
119,0
88,0
48,0
110,0
20,0
79,0
109,0
89,0
54,0
77,0
39,0
57,0
87,0
108,0
49,0
139,0
109,0
4,0
138,0
135,0
139,0
142,0
42,0
9,0
148,0
24,0
93,0
49,0
124,0
81,0
88,0
88,0
142,0
88,0
22,0
150,0
37,0
63,0
52,0
114,0
76,0
107,0
58,0
125,0
75,0
88,0
122,0
47,0
117,0
59,0
83,0
77,0
42,0
72,0
47,0
29,0
87,0
39,0
88,0
94,0
66,0
133,0
34,0
100,0
125,0
121,0
98,0
52,0
102,0
5,0
32,0
27,0
31,0
60,0
5,0
23,0
18,0
136,0
126,0
12,0
150,0
50,0
1,0
55,0
53,0
48,0
144,0
98,0
103,0
18,0
58,0
8,0
99,0
142,0
0,0
81,0
106,0
45,0
22,0
67,0
3,0
134,0
18,0
13,0
124,0
117,0
137,0
44,0
71,0
13,0
88,0
47,0
16,0
87,0
136,0
9,0
85,0
114,0
94,0
142,0
88,0
3,0
116,0
137,0
72,0
52,0
113,0
51,0
131,0
108,0
72,0
52,0
134,0
100,0
117,0
140,0
133,0
124,0
7,0
25,0
16,0
22,0
88,0
109,0
99,0
45,0
33,0
60,0
129,0
121,0
8,0
108,0
149,0
94,0
17,0
70,0
116,0
99,0
58,0
148,0
144,0
1,0
11,0
92,0
74,0
31,0
133,0
41,0
67,0
99,0
41,0
66,0
133,0
50,0
99,0
88,0
138,0
141,0
88,0
142,0
102,0
5,0
24,0
133,0
108,0
86,0
53,0
95,0
69,0
19,0
88,0
128,0
26,0
88,0
133,0
101,0
53,0
118,0
11,0
142,0
54,0
78,0
127,0
3,0
102,0
51,0
89,0
56,0
130,0
125,0
142,0
150,0
42,0
88,0
110,0
72,0
6,0
40,0
139,0
11,0
79,0
42,0
88,0
56,0
77,0
62,0
49,0
129,0
103,0
97,0
66,0
121,0
79,0
18,0
142,0
116,0
67,0
77,0
49,0
101,0
35,0
44,0
9,0
136,0
5,0
66,0
8,0
128,0
52,0
15,0
101,0
85,0
124,0
16,0
65,0
138,0
123,0
88,0
102,0
24,0
151,0
72,0
0,0
92,0
11,0
23,0
131,0
144,0
107,0
118,0
106,0
79,0
149,0
86,0
142,0
100,0
