114,0
79,0
52,0
43,0
76,0
120,0
141,0
136,0
0,0
128,0
91,0
150,0
146,0
35,0
87,0
36,0
111,0
134,0
127,0
138,0
138,0
47,0
1,0
150,0
140,0
108,0
13,0
33,0
78,0
84,0
49,0
122,0
132,0
120,0
33,0
129,0
119,0
79,0
64,0
145,0
45,0
19,0
34,0
83,0
124,0
57,0
133,0
14,0
144,0
13,0
153,0
114,0
30,0
10,0
81,0
63,0
134,0
30,0
4,0
10,0
149,0
98,0
42,0
47,0
111,0
4,0
29,0
53,0
47,0
5,0
83,0
10,0
118,0
24,0
148,0
27,0
28,0
76,0
60,0
99,0
142,0
151,0
52,0
111,0
140,0
58,0
66,0
139,0
7,0
75,0
100,0
108,0
47,0
140,0
9,0
114,0
48,0
87,0
47,0
32,0
68,0
94,0
63,0
56,0
19,0
71,0
47,0
121,0
137,0
5,0
22,0
127,0
7,0
118,0
55,0
10,0
47,0
129,0
86,0
31,0
113,0
92,0
41,0
126,0
54,0
59,0
136,0
32,0
24,0
32,0
79,0
47,0
3,0
47,0
17,0
130,0
142,0
122,0
119,0
64,0
81,0
38,0
58,0
7,0
55,0
145,0
126,0
32,0
56,0
140,0
20,0
21,0
154,0
89,0
21,0
106,0
138,0
77,0
134,0
5,0
90,0
146,0
1,0
42,0
29,0
148,0
20,0
122,0
35,0
47,0
122,0
82,0
28,0
103,0
45,0
25,0
115,0
104,0
64,0
113,0
47,0
134,0
23,0
86,0
69,0
7,0
80,0
37,0
26,0
151,0
47,0
118,0
80,0
127,0
142,0
108,0
89,0
22,0
109,0
137,0
19,0
127,0
26,0
22,0
56,0
26,0
73,0
123,0
60,0
49,0
62,0
23,0
29,0
126,0
84,0
8,0
47,0
51,0
25,0
4,0
8,0
67,0
101,0
1,0
97,0
100,0
88,0
120,0
22,0
18,0
33,0
78,0
68,0
106,0
123,0
136,0
105,0
24,0
47,0
89,0
150,0
66,0
150,0
60,0
107,0
24,0
127,0
140,0
93,0
88,0
19,0
47,0
148,0
125,0
35,0
6,0
34,0
33,0
56,0
92,0
1,0
10,0
70,0
42,0
127,0
38,0
117,0
144,0
41,0
48,0
116,0
65,0
2,0
141,0
16,0
77,0
72,0
32,0
25,0
114,0
50,0
154,0
123,0
151,0
10,0
111,0
16,0
7,0
21,0
148,0
47,0
34,0
40,0
128,0
101,0
42,0
134,0
41,0
20,0
129,0
119,0
134,0
75,0
72,0
65,0
96,0
52,0
143,0
81,0
129,0
8,0
120,0
21,0
84,0
139,0
51,0
148,0
30,0
83,0
30,0
2,0
54,0
132,0
54,0
88,0
1,0
17,0
122,0
62,0
88,0
99,0
95,0
72,0
108,0
14,0
88,0
42,0
84,0
94,0
69,0
30,0
30,0
95,0
79,0
68,0
35,0
122,0
61,0
17,0
63,0
6,0
19,0
112,0
24,0
17,0
7,0
136,0
128,0
47,0
9,0
24,0
101,0
18,0
46,0
136,0
61,0
33,0
141,0
37,0
24,0
108,0
17,0
59,0
96,0
15,0
91,0
128,0
118,0
54,0
147,0
49,0
13,0
47,0
8,0
27,0
133,0
124,0
102,0
45,0
56,0
57,0
78,0
110,0
84,0
132,0
129,0
142,0
37,0
83,0
47,0
72,0
128,0
120,0
5,0
145,0
47,0
102,0
86,0
0,0
122,0
87,0
22,0
88,0
127,0
142,0
47,0
29,0
67,0
95,0
123,0
45,0
94,0
11,0
124,0
45,0
47,0
150,0
109,0
96,0
40,0
3,0
69,0
35,0
102,0
99,0
145,0
34,0
70,0
13,0
68,0
6,0
126,0
45,0
56,0
75,0
97,0
128,0
130,0
47,0
137,0
56,0
33,0
81,0
113,0
123,0
21,0
36,0
80,0
46,0
122,0
137,0
123,0
129,0
128,0
38,0
63,0
149,0
137,0
61,0
30,0
133,0
48,0
112,0
94,0
57,0
67,0
108,0
6,0
47,0
36,0
55,0
1,0
130,0
47,0
47,0
126,0
65,0
30,0
88,0
50,0
57,0
140,0
57,0
16,0
143,0
74,0
59,0
48,0
143,0
58,0
109,0
122,0
142,0
23,0
60,0
97,0
10,0
49,0
47,0
47,0
45,0
140,0
16,0
12,0
113,0
34,0
75,0
7,0
154,0
111,0
10,0
53,0
36,0
53,0
41,0
94,0
100,0
55,0
31,0
66,0
102,0
14,0
18,0
38,0
63,0
67,0
1,0
64,0
147,0
145,0
103,0
124,0
104,0
71,0
79,0
81,0
14,0
119,0
15,0
48,0
47,0
37,0
111,0
30,0
67,0
74,0
124,0
96,0
34,0
13,0
59,0
83,0
127,0
30,0
143,0
112,0
4,0
79,0
31,0
100,0
74,0
94,0
2,0
56,0
89,0
47,0
111,0
52,0
4,0
8,0
4,0
42,0
150,0
68,0
135,0
112,0
75,0
125,0
123,0
127,0
15,0
103,0
57,0
76,0
80,0
36,0
108,0
59,0
62,0
58,0
122,0
59,0
129,0
1,0
128,0
121,0
4,0
105,0
64,0
126,0
59,0
31,0
49,0
23,0
9,0
28,0
150,0
53,0
47,0
31,0
145,0
120,0
150,0
38,0
10,0
52,0
94,0
50,0
84,0
66,0
53,0
8,0
118,0
56,0
47,0
17,0
121,0
78,0
151,0
1,0
150,0
47,0
141,0
146,0
47,0
76,0
100,0
122,0
104,0
150,0
116,0
65,0
102,0
56,0
43,0
6,0
79,0
1,0
86,0
63,0
125,0
47,0
84,0
29,0
116,0
142,0
6,0
62,0
129,0
36,0
54,0
139,0
24,0
97,0
45,0
128,0
128,0
120,0
105,0
150,0
137,0
109,0
110,0
52,0
38,0
150,0
151,0
53,0
72,0
127,0
117,0
47,0
128,0
47,0
115,0
149,0
83,0
104,0
124,0
143,0
47,0
7,0
36,0
53,0
79,0
97,0
47,0
8,0
142,0
15,0
19,0
77,0
56,0
14,0
7,0
137,0
120,0
68,0
6,0
9,0
5,0
100,0
106,0
59,0
151,0
127,0
17,0
6,0
36,0
40,0
26,0
30,0
23,0
118,0
53,0
51,0
32,0
142,0
47,0
144,0
37,0
20,0
95,0
10,0
47,0
36,0
149,0
41,0
47,0
102,0
9,0
21,0
63,0
37,0
120,0
93,0
92,0
4,0
128,0
98,0
12,0
132,0
98,0
47,0
29,0
20,0
45,0
13,0
126,0
112,0
47,0
47,0
26,0
128,0
135,0
27,0
98,0
113,0
64,0
18,0
51,0
96,0
7,0
149,0
33,0
133,0
120,0
132,0
0,0
140,0
37,0
100,0
52,0
57,0
29,0
120,0
46,0
59,0
63,0
139,0
104,0
32,0
124,0
57,0
6,0
76,0
4,0
104,0
54,0
27,0
36,0
105,0
1,0
150,0
146,0
74,0
6,0
92,0
122,0
47,0
47,0
128,0
58,0
136,0
89,0
134,0
21,0
29,0
128,0
23,0
47,0
83,0
81,0
47,0
106,0
129,0
100,0
8,0
8,0
8,0
87,0
47,0
64,0
76,0
131,0
74,0
142,0
136,0
36,0
36,0
5,0
46,0
84,0
141,0
111,0
6,0
70,0
111,0
127,0
30,0
66,0
47,0
101,0
38,0
104,0
88,0
47,0
154,0
47,0
98,0
47,0
31,0
31,0
89,0
117,0
143,0
47,0
21,0
60,0
31,0
70,0
58,0
63,0
69,0
73,0
127,0
131,0
67,0
128,0
53,0
123,0
110,0
1,0
87,0
57,0
11,0
128,0
47,0
128,0
0,0
60,0
105,0
35,0
22,0
127,0
47,0
48,0
131,0
148,0
26,0
0,0
137,0
79,0
73,0
11,0
75,0
109,0
125,0
42,0
100,0
101,0
137,0
90,0
33,0
37,0
79,0
61,0
109,0
37,0
3,0
148,0
47,0
75,0
55,0
32,0
149,0
94,0
47,0
64,0
85,0
107,0
37,0
11,0
93,0
35,0
88,0
5,0
139,0
150,0
118,0
81,0
54,0
73,0
21,0
96,0
15,0
27,0
79,0
154,0
72,0
122,0
132,0
34,0
138,0
27,0
0,0
66,0
98,0
98,0
144,0
39,0
150,0
151,0
108,0
97,0
87,0
105,0
113,0
72,0
79,0
119,0
128,0
117,0
106,0
31,0
80,0
7,0
14,0
23,0
60,0
130,0
61,0
34,0
72,0
111,0
42,0
122,0
109,0
128,0
111,0
114,0
38,0
86,0
32,0
42,0
47,0
134,0
47,0
28,0
76,0
64,0
74,0
61,0
49,0
88,0
29,0
130,0
150,0
2,0
126,0
131,0
87,0
47,0
45,0
23,0
121,0
64,0
47,0
47,0
25,0
7,0
90,0
47,0
71,0
47,0
53,0
79,0
24,0
27,0
117,0
41,0
76,0
5,0
47,0
0,0
34,0
44,0
138,0
88,0
37,0
49,0
127,0
19,0
47,0
113,0
8,0
149,0
29,0
16,0
142,0
128,0
4,0
43,0
0,0
6,0
47,0
117,0
139,0
64,0
53,0
93,0
123,0
58,0
38,0
47,0
73,0
114,0
34,0
141,0
105,0
38,0
10,0
79,0
3,0
15,0
24,0
27,0
108,0
31,0
144,0
30,0
111,0
47,0
148,0
42,0
108,0
39,0
68,0
91,0
101,0
34,0
142,0
49,0
50,0
117,0
30,0
14,0
150,0
146,0
131,0
88,0
42,0
68,0
140,0
66,0
111,0
89,0
126,0
94,0
21,0
89,0
120,0
103,0
64,0
5,0
66,0
47,0
58,0
2,0
29,0
111,0
32,0
72,0
130,0
58,0
56,0
84,0
126,0
50,0
20,0
69,0
53,0
86,0
47,0
53,0
133,0
150,0
59,0
59,0
54,0
90,0
14,0
129,0
128,0
47,0
112,0
128,0
18,0
94,0
97,0
148,0
47,0
107,0
124,0
88,0
47,0
17,0
143,0
151,0
19,0
85,0
36,0
77,0
73,0
82,0
128,0
97,0
142,0
151,0
124,0
53,0
135,0
150,0
128,0
147,0
143,0
85,0
47,0
142,0
24,0
4,0
87,0
47,0
30,0
139,0
114,0
16,0
32,0
26,0
100,0
63,0
44,0
117,0
128,0
61,0
94,0
135,0
94,0
35,0
24,0
88,0
19,0
14,0
15,0
94,0
69,0
67,0
71,0
14,0
138,0
24,0
122,0
24,0
70,0
77,0
105,0
58,0
47,0
5,0
140,0
16,0
129,0
144,0
119,0
46,0
48,0
78,0
106,0
30,0
137,0
50,0
47,0
47,0
108,0
66,0
95,0
87,0
2,0
1,0
69,0
150,0
42,0
133,0
51,0
142,0
47,0
71,0
82,0
18,0
64,0
122,0
85,0
119,0
139,0
42,0
52,0
112,0
148,0
90,0
47,0
8,0
2,0
40,0
149,0
149,0
102,0
35,0
26,0
99,0
136,0
29,0
30,0
2,0
47,0
86,0
88,0
97,0
66,0
109,0
54,0
10,0
69,0
123,0
112,0
136,0
85,0
60,0
92,0
43,0
88,0
112,0
104,0
98,0
29,0
47,0
89,0
16,0
12,0
15,0
123,0
48,0
77,0
76,0
124,0
139,0
47,0
129,0
85,0
47,0
117,0
42,0
46,0
150,0
105,0
18,0
38,0
138,0
7,0
132,0
127,0
128,0
114,0
68,0
149,0
98,0
114,0
113,0
14,0
31,0
128,0
24,0
128,0
142,0
106,0
54,0
49,0
150,0
122,0
10,0
47,0
124,0
47,0
7,0
89,0
6,0
68,0
118,0
118,0
130,0
79,0
125,0
4,0
67,0
29,0
123,0
78,0
84,0
97,0
20,0
4,0
74,0
115,0
47,0
141,0
66,0
42,0
4,0
129,0
10,0
54,0
30,0
101,0
77,0
143,0
15,0
23,0
74,0
31,0
72,0
15,0
118,0
95,0
0,0
136,0
97,0
47,0
58,0
83,0
2,0
47,0
47,0
125,0
103,0
85,0
118,0
9,0
124,0
51,0
29,0
66,0
100,0
90,0
84,0
47,0
54,0
144,0
94,0
24,0
150,0
55,0
128,0
84,0
24,0
87,0
3,0
39,0
15,0
29,0
47,0
31,0
8,0
97,0
89,0
150,0
122,0
126,0
114,0
122,0
54,0
84,0
129,0
36,0
124,0
63,0
47,0
129,0
145,0
4,0
41,0
145,0
5,0
47,0
89,0
47,0
70,0
133,0
93,0
69,0
2,0
24,0
43,0
135,0
58,0
6,0
113,0
10,0
134,0
54,0
130,0
145,0
95,0
69,0
7,0
35,0
5,0
19,0
27,0
24,0
107,0
136,0
59,0
133,0
49,0
129,0
47,0
26,0
132,0
85,0
37,0
142,0
117,0
115,0
117,0
137,0
51,0
140,0
85,0
121,0
47,0
31,0
42,0
49,0
79,0
59,0
92,0
91,0
47,0
122,0
134,0
31,0
134,0
137,0
10,0
139,0
152,0
119,0
109,0
103,0
139,0
129,0
132,0
6,0
59,0
123,0
142,0
110,0
118,0
42,0
123,0
88,0
47,0
82,0
14,0
137,0
103,0
12,0
34,0
142,0
16,0
130,0
104,0
14,0
13,0
37,0
148,0
13,0
150,0
47,0
50,0
109,0
117,0
47,0
12,0
44,0
152,0
21,0
13,0
44,0
76,0
57,0
148,0
111,0
7,0
47,0
19,0
128,0
33,0
146,0
28,0
108,0
78,0
19,0
124,0
60,0
36,0
147,0
126,0
38,0
102,0
77,0
10,0
54,0
108,0
36,0
24,0
4,0
84,0
88,0
102,0
120,0
9,0
2,0
97,0
42,0
115,0
33,0
28,0
143,0
127,0
52,0
130,0
68,0
64,0
47,0
47,0
45,0
117,0
128,0
37,0
50,0
126,0
127,0
130,0
30,0
88,0
28,0
47,0
19,0
89,0
47,0
150,0
107,0
60,0
47,0
133,0
47,0
118,0
84,0
36,0
12,0
66,0
108,0
115,0
150,0
119,0
98,0
50,0
21,0
146,0
118,0
142,0
95,0
37,0
23,0
5,0
34,0
45,0
111,0
125,0
52,0
22,0
34,0
61,0
22,0
115,0
47,0
127,0
70,0
73,0
73,0
142,0
124,0
128,0
119,0
61,0
21,0
52,0
124,0
112,0
66,0
19,0
72,0
97,0
140,0
55,0
139,0
132,0
128,0
58,0
97,0
72,0
19,0
72,0
85,0
45,0
132,0
69,0
149,0
113,0
123,0
11,0
27,0
40,0
120,0
38,0
65,0
72,0
94,0
104,0
127,0
82,0
71,0
128,0
32,0
90,0
140,0
70,0
146,0
19,0
85,0
140,0
66,0
47,0
111,0
60,0
1,0
19,0
72,0
154,0
101,0
99,0
142,0
93,0
104,0
114,0
6,0
25,0
120,0
68,0
45,0
31,0
122,0
11,0
150,0
130,0
50,0
86,0
136,0
56,0
27,0
38,0
13,0
1,0
90,0
146,0
47,0
47,0
139,0
79,0
41,0
77,0
7,0
25,0
44,0
5,0
131,0
96,0
15,0
27,0
144,0
8,0
111,0
129,0
63,0
13,0
106,0
54,0
26,0
98,0
136,0
132,0
11,0
126,0
100,0
36,0
70,0
151,0
87,0
7,0
26,0
39,0
72,0
19,0
55,0
131,0
127,0
37,0
27,0
125,0
18,0
127,0
76,0
151,0
100,0
47,0
5,0
69,0
102,0
42,0
47,0
121,0
47,0
88,0
40,0
137,0
128,0
50,0
145,0
8,0
132,0
95,0
17,0
4,0
118,0
30,0
45,0
47,0
120,0
91,0
45,0
152,0
150,0
59,0
84,0
128,0
47,0
128,0
134,0
127,0
25,0
127,0
26,0
3,0
47,0
127,0
70,0
8,0
126,0
20,0
71,0
95,0
137,0
135,0
89,0
54,0
36,0
4,0
56,0
81,0
85,0
68,0
14,0
141,0
133,0
134,0
2,0
17,0
102,0
105,0
145,0
1,0
81,0
137,0
31,0
69,0
74,0
112,0
53,0
70,0
18,0
48,0
72,0
128,0
111,0
15,0
115,0
16,0
72,0
52,0
1,0
49,0
88,0
48,0
33,0
1,0
10,0
7,0
52,0
151,0
27,0
125,0
109,0
142,0
39,0
40,0
30,0
80,0
137,0
72,0
12,0
133,0
105,0
62,0
74,0
131,0
84,0
12,0
8,0
116,0
47,0
44,0
47,0
11,0
88,0
79,0
27,0
150,0
7,0
23,0
89,0
30,0
95,0
47,0
66,0
83,0
47,0
87,0
0,0
94,0
129,0
83,0
10,0
39,0
114,0
128,0
61,0
58,0
47,0
83,0
18,0
47,0
33,0
63,0
101,0
9,0
69,0
81,0
17,0
141,0
68,0
96,0
47,0
81,0
61,0
35,0
19,0
56,0
112,0
105,0
7,0
0,0
24,0
18,0
80,0
47,0
91,0
47,0
29,0
11,0
82,0
49,0
109,0
150,0
105,0
21,0
122,0
52,0
92,0
76,0
128,0
85,0
73,0
150,0
59,0
47,0
17,0
8,0
47,0
127,0
60,0
9,0
106,0
150,0
54,0
16,0
71,0
117,0
84,0
10,0
93,0
126,0
112,0
8,0
142,0
60,0
141,0
27,0
134,0
71,0
3,0
46,0
91,0
12,0
100,0
96,0
18,0
36,0
133,0
102,0
122,0
29,0
39,0
21,0
29,0
38,0
65,0
68,0
26,0
77,0
108,0
24,0
59,0
143,0
123,0
57,0
2,0
7,0
30,0
128,0
15,0
38,0
0,0
40,0
142,0
2,0
4,0
1,0
47,0
74,0
37,0
91,0
133,0
136,0
88,0
91,0
111,0
151,0
142,0
126,0
97,0
107,0
112,0
32,0
99,0
128,0
47,0
26,0
47,0
47,0
73,0
133,0
148,0
34,0
87,0
138,0
57,0
117,0
61,0
142,0
150,0
41,0
116,0
104,0
22,0
75,0
94,0
21,0
22,0
52,0
47,0
87,0
109,0
111,0
126,0
5,0
26,0
71,0
86,0
37,0
74,0
41,0
138,0
58,0
115,0
37,0
119,0
30,0
7,0
112,0
113,0
70,0
88,0
128,0
22,0
13,0
6,0
47,0
34,0
130,0
23,0
142,0
135,0
63,0
9,0
128,0
131,0
105,0
20,0
66,0
87,0
70,0
105,0
139,0
111,0
28,0
98,0
126,0
43,0
12,0
128,0
26,0
126,0
26,0
35,0
101,0
145,0
145,0
135,0
104,0
1,0
47,0
22,0
142,0
86,0
116,0
86,0
120,0
27,0
14,0
72,0
7,0
116,0
101,0
148,0
63,0
150,0
16,0
40,0
21,0
106,0
24,0
84,0
11,0
58,0
91,0
143,0
42,0
5,0
86,0
80,0
105,0
21,0
104,0
132,0
124,0
3,0
6,0
119,0
106,0
11,0
102,0
12,0
1,0
123,0
126,0
32,0
142,0
44,0
21,0
104,0
87,0
137,0
36,0
59,0
47,0
100,0
33,0
70,0
80,0
128,0
88,0
101,0
93,0
68,0
26,0
68,0
122,0
71,0
47,0
8,0
126,0
83,0
150,0
127,0
58,0
136,0
117,0
135,0
35,0
116,0
45,0
95,0
11,0
151,0
3,0
75,0
20,0
68,0
47,0
124,0
62,0
126,0
106,0
12,0
25,0
122,0
125,0
13,0
32,0
98,0
64,0
87,0
9,0
30,0
62,0
119,0
8,0
107,0
61,0
110,0
50,0
61,0
22,0
27,0
47,0
13,0
49,0
10,0
102,0
136,0
16,0
2,0
118,0
5,0
33,0
66,0
135,0
50,0
58,0
38,0
117,0
54,0
136,0
151,0
34,0
23,0
33,0
63,0
55,0
132,0
111,0
133,0
129,0
106,0
143,0
79,0
47,0
68,0
32,0
108,0
128,0
67,0
134,0
63,0
2,0
151,0
120,0
84,0
128,0
47,0
88,0
55,0
47,0
124,0
103,0
20,0
122,0
27,0
5,0
68,0
85,0
44,0
118,0
133,0
8,0
101,0
57,0
143,0
127,0
70,0
59,0
98,0
134,0
23,0
21,0
133,0
150,0
149,0
123,0
109,0
63,0
12,0
122,0
54,0
126,0
25,0
28,0
133,0
121,0
92,0
3,0
27,0
11,0
134,0
94,0
12,0
131,0
6,0
36,0
103,0
39,0
71,0
122,0
114,0
97,0
84,0
49,0
104,0
8,0
14,0
51,0
128,0
135,0
107,0
134,0
2,0
73,0
125,0
66,0
149,0
137,0
17,0
128,0
128,0
20,0
47,0
29,0
153,0
43,0
150,0
66,0
141,0
149,0
87,0
101,0
98,0
143,0
83,0
68,0
149,0
102,0
151,0
106,0
117,0
56,0
128,0
54,0
47,0
110,0
117,0
116,0
31,0
116,0
0,0
47,0
96,0
5,0
17,0
148,0
81,0
49,0
55,0
111,0
91,0
1,0
142,0
97,0
104,0
65,0
37,0
57,0
74,0
121,0
18,0
78,0
21,0
109,0
92,0
30,0
110,0
88,0
48,0
23,0
88,0
60,0
124,0
130,0
82,0
115,0
12,0
57,0
42,0
39,0
53,0
79,0
16,0
77,0
112,0
128,0
61,0
102,0
126,0
80,0
46,0
100,0
29,0
145,0
99,0
33,0
150,0
122,0
57,0
30,0
132,0
76,0
98,0
124,0
124,0
42,0
116,0
25,0
120,0
19,0
11,0
17,0
133,0
132,0
84,0
84,0
114,0
127,0
136,0
105,0
147,0
125,0
29,0
99,0
4,0
39,0
11,0
44,0
90,0
47,0
69,0
133,0
24,0
2,0
28,0
34,0
127,0
123,0
19,0
150,0
50,0
113,0
137,0
63,0
51,0
60,0
31,0
126,0
148,0
135,0
150,0
84,0
62,0
138,0
61,0
83,0
4,0
39,0
17,0
21,0
45,0
60,0
124,0
135,0
39,0
139,0
129,0
88,0
81,0
65,0
126,0
92,0
102,0
55,0
40,0
40,0
15,0
47,0
25,0
47,0
85,0
141,0
47,0
19,0
44,0
143,0
59,0
14,0
25,0
148,0
16,0
18,0
88,0
99,0
113,0
146,0
47,0
93,0
68,0
53,0
70,0
102,0
119,0
47,0
116,0
72,0
124,0
56,0
75,0
111,0
35,0
89,0
20,0
34,0
95,0
125,0
140,0
131,0
41,0
141,0
10,0
68,0
24,0
114,0
143,0
101,0
81,0
14,0
3,0
90,0
132,0
47,0
51,0
92,0
115,0
1,0
82,0
22,0
126,0
83,0
78,0
25,0
48,0
50,0
144,0
47,0
92,0
82,0
105,0
122,0
94,0
127,0
88,0
19,0
41,0
102,0
49,0
37,0
5,0
22,0
128,0
114,0
42,0
128,0
151,0
19,0
61,0
47,0
101,0
129,0
134,0
129,0
47,0
75,0
43,0
47,0
24,0
48,0
112,0
130,0
142,0
6,0
10,0
68,0
51,0
133,0
123,0
25,0
78,0
134,0
90,0
50,0
57,0
73,0
2,0
16,0
10,0
85,0
101,0
89,0
30,0
32,0
47,0
62,0
47,0
50,0
124,0
115,0
109,0
10,0
102,0
30,0
137,0
3,0
78,0
134,0
130,0
39,0
47,0
37,0
105,0
2,0
124,0
47,0
124,0
131,0
47,0
66,0
7,0
19,0
138,0
15,0
93,0
52,0
12,0
96,0
61,0
120,0
107,0
114,0
32,0
128,0
38,0
48,0
60,0
151,0
5,0
69,0
56,0
127,0
101,0
3,0
26,0
71,0
8,0
52,0
118,0
128,0
63,0
14,0
5,0
102,0
8,0
88,0
145,0
43,0
97,0
131,0
19,0
19,0
24,0
46,0
9,0
47,0
25,0
69,0
28,0
47,0
17,0
6,0
22,0
18,0
48,0
124,0
112,0
114,0
16,0
93,0
145,0
68,0
68,0
13,0
93,0
45,0
47,0
105,0
142,0
94,0
128,0
44,0
46,0
77,0
63,0
10,0
142,0
117,0
120,0
63,0
81,0
44,0
118,0
113,0
122,0
128,0
47,0
32,0
91,0
25,0
88,0
96,0
9,0
47,0
17,0
2,0
75,0
18,0
130,0
47,0
37,0
48,0
148,0
40,0
131,0
21,0
99,0
136,0
134,0
23,0
134,0
64,0
77,0
17,0
47,0
128,0
122,0
94,0
28,0
27,0
112,0
100,0
47,0
124,0
144,0
47,0
43,0
67,0
108,0
118,0
139,0
132,0
115,0
83,0
79,0
141,0
112,0
45,0
107,0
132,0
93,0
74,0
30,0
121,0
68,0
150,0
42,0
62,0
69,0
70,0
100,0
94,0
127,0
24,0
20,0
111,0
81,0
3,0
117,0
56,0
136,0
52,0
103,0
33,0
44,0
47,0
34,0
47,0
132,0
143,0
12,0
54,0
73,0
55,0
47,0
7,0
93,0
118,0
65,0
95,0
6,0
123,0
17,0
151,0
37,0
113,0
127,0
148,0
109,0
8,0
6,0
92,0
4,0
89,0
15,0
73,0
137,0
143,0
5,0
107,0
0,0
144,0
66,0
8,0
7,0
95,0
151,0
150,0
143,0
79,0
114,0
63,0
12,0
19,0
72,0
149,0
65,0
86,0
124,0
117,0
148,0
28,0
47,0
84,0
44,0
112,0
12,0
123,0
48,0
113,0
5,0
55,0
30,0
47,0
17,0
54,0
111,0
126,0
0,0
136,0
100,0
132,0
122,0
145,0
66,0
65,0
137,0
151,0
148,0
27,0
0,0
111,0
36,0
123,0
14,0
142,0
62,0
5,0
47,0
118,0
12,0
3,0
133,0
106,0
34,0
53,0
42,0
150,0
95,0
7,0
6,0
51,0
86,0
124,0
149,0
104,0
78,0
54,0
48,0
10,0
47,0
78,0
69,0
70,0
51,0
86,0
118,0
49,0
2,0
148,0
142,0
140,0
76,0
2,0
103,0
131,0
5,0
34,0
149,0
47,0
9,0
88,0
58,0
128,0
51,0
151,0
16,0
73,0
24,0
0,0
128,0
122,0
43,0
57,0
110,0
134,0
57,0
28,0
110,0
146,0
30,0
47,0
115,0
132,0
145,0
30,0
53,0
41,0
40,0
66,0
117,0
46,0
6,0
142,0
118,0
112,0
65,0
83,0
17,0
47,0
36,0
127,0
40,0
45,0
37,0
136,0
56,0
10,0
150,0
18,0
113,0
77,0
97,0
101,0
138,0
12,0
21,0
120,0
123,0
38,0
82,0
47,0
75,0
150,0
43,0
104,0
42,0
64,0
43,0
47,0
133,0
132,0
43,0
47,0
70,0
47,0
120,0
103,0
78,0
29,0
0,0
119,0
132,0
11,0
121,0
15,0
66,0
131,0
136,0
33,0
33,0
59,0
72,0
46,0
8,0
98,0
120,0
74,0
138,0
32,0
126,0
58,0
52,0
123,0
109,0
29,0
127,0
32,0
2,0
54,0
29,0
7,0
47,0
47,0
146,0
122,0
8,0
59,0
111,0
27,0
107,0
105,0
118,0
141,0
47,0
128,0
128,0
149,0
6,0
134,0
6,0
124,0
96,0
79,0
90,0
48,0
95,0
126,0
134,0
98,0
27,0
5,0
110,0
81,0
21,0
15,0
107,0
75,0
30,0
66,0
47,0
119,0
47,0
127,0
13,0
11,0
4,0
142,0
104,0
64,0
16,0
64,0
123,0
25,0
56,0
98,0
11,0
31,0
74,0
72,0
111,0
54,0
149,0
86,0
76,0
114,0
111,0
47,0
108,0
34,0
99,0
124,0
122,0
113,0
143,0
107,0
19,0
30,0
75,0
88,0
113,0
59,0
22,0
5,0
116,0
121,0
135,0
47,0
135,0
137,0
145,0
12,0
29,0
135,0
38,0
34,0
110,0
142,0
141,0
59,0
150,0
60,0
142,0
148,0
87,0
27,0
129,0
146,0
17,0
39,0
146,0
21,0
51,0
124,0
93,0
67,0
88,0
98,0
79,0
59,0
45,0
47,0
78,0
124,0
112,0
124,0
20,0
97,0
95,0
37,0
11,0
46,0
138,0
128,0
29,0
107,0
57,0
120,0
68,0
42,0
85,0
26,0
79,0
15,0
65,0
87,0
150,0
88,0
151,0
42,0
58,0
7,0
59,0
6,0
8,0
129,0
127,0
47,0
67,0
42,0
103,0
140,0
48,0
135,0
85,0
0,0
57,0
47,0
69,0
33,0
47,0
12,0
48,0
2,0
9,0
37,0
4,0
18,0
23,0
8,0
58,0
45,0
33,0
51,0
140,0
143,0
69,0
52,0
131,0
131,0
127,0
23,0
76,0
134,0
87,0
148,0
24,0
1,0
102,0
88,0
72,0
42,0
72,0
59,0
44,0
47,0
137,0
47,0
127,0
74,0
0,0
84,0
122,0
107,0
86,0
142,0
1,0
50,0
101,0
131,0
47,0
108,0
106,0
90,0
27,0
77,0
122,0
130,0
48,0
6,0
128,0
18,0
34,0
135,0
81,0
0,0
14,0
141,0
92,0
134,0
122,0
41,0
133,0
19,0
59,0
95,0
41,0
137,0
47,0
21,0
47,0
72,0
100,0
146,0
0,0
150,0
55,0
130,0
11,0
97,0
77,0
47,0
56,0
34,0
5,0
54,0
47,0
8,0
149,0
100,0
114,0
47,0
65,0
47,0
105,0
83,0
89,0
120,0
6,0
68,0
7,0
94,0
144,0
148,0
149,0
43,0
17,0
150,0
119,0
45,0
93,0
77,0
47,0
62,0
109,0
138,0
29,0
43,0
131,0
30,0
119,0
80,0
117,0
131,0
9,0
47,0
42,0
86,0
70,0
67,0
118,0
126,0
54,0
47,0
14,0
142,0
145,0
29,0
108,0
0,0
146,0
78,0
108,0
7,0
29,0
39,0
140,0
34,0
105,0
143,0
93,0
111,0
86,0
36,0
106,0
131,0
90,0
47,0
0,0
101,0
47,0
71,0
151,0
81,0
134,0
141,0
122,0
50,0
128,0
72,0
81,0
151,0
8,0
79,0
120,0
114,0
6,0
75,0
118,0
128,0
92,0
129,0
118,0
98,0
41,0
57,0
50,0
134,0
60,0
42,0
143,0
47,0
150,0
89,0
129,0
29,0
130,0
23,0
151,0
75,0
75,0
127,0
82,0
4,0
111,0
47,0
127,0
117,0
35,0
37,0
139,0
91,0
7,0
47,0
95,0
35,0
79,0
9,0
50,0
109,0
94,0
9,0
39,0
32,0
48,0
66,0
59,0
69,0
139,0
89,0
7,0
5,0
47,0
64,0
16,0
79,0
71,0
152,0
109,0
54,0
47,0
12,0
64,0
47,0
85,0
144,0
39,0
150,0
2,0
132,0
9,0
35,0
25,0
12,0
53,0
70,0
138,0
132,0
81,0
128,0
52,0
76,0
47,0
148,0
101,0
90,0
60,0
149,0
22,0
128,0
26,0
53,0
6,0
131,0
6,0
6,0
15,0
91,0
124,0
92,0
31,0
40,0
19,0
119,0
80,0
151,0
130,0
112,0
23,0
20,0
125,0
30,0
24,0
57,0
129,0
2,0
92,0
123,0
38,0
38,0
123,0
44,0
72,0
100,0
102,0
132,0
84,0
46,0
127,0
96,0
147,0
122,0
14,0
120,0
38,0
136,0
83,0
119,0
6,0
33,0
111,0
130,0
145,0
41,0
26,0
109,0
128,0
81,0
16,0
102,0
44,0
33,0
132,0
58,0
31,0
102,0
17,0
9,0
109,0
47,0
30,0
13,0
74,0
88,0
115,0
42,0
72,0
56,0
15,0
135,0
30,0
2,0
57,0
118,0
52,0
17,0
88,0
64,0
126,0
136,0
150,0
61,0
132,0
67,0
85,0
42,0
73,0
8,0
146,0
126,0
140,0
69,0
149,0
93,0
46,0
21,0
23,0
47,0
70,0
64,0
3,0
24,0
150,0
109,0
122,0
33,0
1,0
47,0
54,0
78,0
130,0
42,0
37,0
128,0
112,0
26,0
47,0
42,0
54,0
83,0
78,0
45,0
85,0
109,0
44,0
135,0
118,0
19,0
93,0
49,0
11,0
27,0
34,0
150,0
139,0
123,0
25,0
14,0
142,0
96,0
130,0
11,0
92,0
117,0
88,0
14,0
92,0
17,0
88,0
142,0
37,0
33,0
6,0
10,0
38,0
149,0
63,0
23,0
120,0
151,0
138,0
142,0
122,0
121,0
31,0
70,0
129,0
50,0
151,0
118,0
104,0
39,0
68,0
3,0
118,0
120,0
128,0
30,0
117,0
132,0
83,0
35,0
133,0
68,0
145,0
26,0
123,0
143,0
34,0
142,0
71,0
128,0
8,0
50,0
93,0
53,0
142,0
110,0
48,0
40,0
99,0
84,0
72,0
56,0
68,0
33,0
98,0
100,0
8,0
69,0
29,0
29,0
31,0
14,0
113,0
1,0
34,0
128,0
47,0
99,0
63,0
31,0
40,0
4,0
52,0
2,0
123,0
88,0
129,0
55,0
61,0
53,0
47,0
78,0
59,0
109,0
54,0
129,0
44,0
151,0
45,0
37,0
29,0
65,0
128,0
47,0
122,0
151,0
128,0
35,0
60,0
36,0
92,0
62,0
111,0
14,0
32,0
81,0
102,0
59,0
126,0
67,0
16,0
47,0
31,0
47,0
102,0
47,0
0,0
11,0
46,0
128,0
66,0
55,0
5,0
23,0
23,0
137,0
137,0
136,0
7,0
8,0
129,0
10,0
127,0
143,0
136,0
35,0
47,0
110,0
17,0
127,0
5,0
131,0
122,0
150,0
12,0
44,0
99,0
8,0
50,0
57,0
52,0
66,0
113,0
87,0
101,0
53,0
43,0
41,0
62,0
59,0
24,0
49,0
72,0
110,0
41,0
46,0
37,0
141,0
57,0
140,0
47,0
88,0
60,0
150,0
150,0
24,0
121,0
47,0
47,0
56,0
1,0
62,0
58,0
47,0
34,0
113,0
115,0
44,0
107,0
68,0
28,0
66,0
65,0
96,0
47,0
110,0
9,0
51,0
14,0
3,0
128,0
123,0
40,0
127,0
114,0
8,0
97,0
31,0
54,0
116,0
54,0
85,0
84,0
130,0
64,0
99,0
144,0
105,0
97,0
8,0
61,0
35,0
44,0
151,0
108,0
126,0
118,0
119,0
15,0
67,0
132,0
103,0
44,0
40,0
106,0
113,0
30,0
127,0
23,0
24,0
45,0
47,0
29,0
125,0
6,0
47,0
69,0
104,0
90,0
47,0
132,0
123,0
47,0
137,0
150,0
44,0
74,0
15,0
19,0
101,0
130,0
7,0
23,0
45,0
58,0
97,0
93,0
128,0
148,0
29,0
60,0
117,0
144,0
87,0
0,0
59,0
137,0
87,0
120,0
107,0
154,0
67,0
107,0
66,0
47,0
141,0
84,0
20,0
129,0
116,0
38,0
89,0
22,0
114,0
8,0
17,0
128,0
107,0
33,0
128,0
19,0
81,0
54,0
128,0
3,0
112,0
70,0
106,0
119,0
47,0
9,0
110,0
20,0
80,0
108,0
88,0
72,0
75,0
39,0
32,0
91,0
108,0
49,0
139,0
149,0
122,0
136,0
135,0
111,0
57,0
9,0
9,0
81,0
68,0
131,0
49,0
124,0
83,0
47,0
142,0
128,0
88,0
22,0
139,0
2,0
63,0
10,0
140,0
76,0
107,0
58,0
68,0
75,0
47,0
136,0
47,0
117,0
127,0
80,0
78,0
42,0
19,0
57,0
71,0
87,0
39,0
47,0
81,0
29,0
132,0
34,0
110,0
125,0
3,0
98,0
50,0
102,0
139,0
25,0
68,0
39,0
8,0
19,0
23,0
18,0
26,0
126,0
12,0
1,0
50,0
154,0
55,0
10,0
48,0
144,0
126,0
103,0
150,0
5,0
8,0
99,0
137,0
0,0
81,0
106,0
151,0
24,0
62,0
121,0
134,0
102,0
13,0
129,0
19,0
145,0
44,0
71,0
13,0
47,0
47,0
14,0
87,0
136,0
9,0
85,0
18,0
135,0
142,0
150,0
21,0
116,0
137,0
43,0
121,0
149,0
4,0
87,0
108,0
72,0
32,0
75,0
73,0
117,0
140,0
134,0
124,0
46,0
25,0
16,0
22,0
47,0
100,0
120,0
69,0
12,0
60,0
2,0
136,0
8,0
112,0
129,0
94,0
17,0
40,0
116,0
99,0
58,0
133,0
144,0
10,0
11,0
92,0
74,0
119,0
88,0
43,0
62,0
20,0
36,0
66,0
132,0
29,0
99,0
88,0
138,0
142,0
47,0
142,0
47,0
123,0
125,0
133,0
108,0
146,0
51,0
98,0
69,0
37,0
47,0
128,0
129,0
47,0
133,0
101,0
29,0
72,0
11,0
34,0
54,0
78,0
22,0
104,0
70,0
141,0
133,0
23,0
130,0
65,0
138,0
150,0
151,0
47,0
143,0
23,0
6,0
0,0
111,0
144,0
130,0
4,0
47,0
56,0
84,0
62,0
50,0
45,0
36,0
97,0
23,0
121,0
79,0
18,0
47,0
30,0
25,0
95,0
68,0
101,0
35,0
45,0
25,0
137,0
13,0
66,0
48,0
136,0
46,0
0,0
101,0
87,0
122,0
0,0
65,0
72,0
127,0
47,0
33,0
24,0
128,0
72,0
12,0
92,0
12,0
45,0
132,0
144,0
107,0
125,0
106,0
97,0
149,0
86,0
138,0
100,0
