114,0
132,0
11,0
43,0
146,0
120,0
136,0
136,0
124,0
128,0
91,0
55,0
146,0
35,0
90,0
3,0
111,0
134,0
127,0
136,0
45,0
143,0
1,0
116,0
5,0
108,0
102,0
111,0
77,0
81,0
54,0
6,0
78,0
101,0
47,0
122,0
115,0
76,0
47,0
145,0
125,0
129,0
24,0
83,0
124,0
38,0
133,0
14,0
139,0
13,0
108,0
114,0
30,0
142,0
81,0
144,0
134,0
63,0
19,0
129,0
149,0
65,0
42,0
49,0
111,0
28,0
29,0
46,0
117,0
16,0
83,0
68,0
68,0
131,0
148,0
69,0
10,0
76,0
60,0
110,0
128,0
8,0
53,0
111,0
140,0
58,0
5,0
139,0
7,0
88,0
100,0
140,0
111,0
129,0
53,0
114,0
13,0
86,0
124,0
32,0
62,0
77,0
63,0
56,0
19,0
128,0
112,0
20,0
137,0
5,0
7,0
6,0
7,0
118,0
73,0
10,0
124,0
126,0
86,0
31,0
113,0
92,0
36,0
109,0
124,0
43,0
7,0
124,0
36,0
45,0
76,0
137,0
24,0
101,0
17,0
77,0
28,0
46,0
119,0
64,0
91,0
5,0
143,0
29,0
55,0
144,0
127,0
109,0
69,0
140,0
20,0
107,0
49,0
89,0
21,0
143,0
122,0
5,0
94,0
30,0
90,0
146,0
27,0
42,0
29,0
148,0
67,0
123,0
14,0
124,0
123,0
74,0
28,0
103,0
125,0
32,0
140,0
104,0
40,0
73,0
129,0
148,0
108,0
74,0
68,0
7,0
81,0
145,0
26,0
127,0
3,0
118,0
82,0
122,0
54,0
108,0
89,0
72,0
109,0
137,0
39,0
142,0
69,0
22,0
56,0
40,0
120,0
7,0
22,0
54,0
29,0
66,0
51,0
102,0
84,0
28,0
144,0
12,0
27,0
4,0
8,0
69,0
101,0
1,0
87,0
128,0
88,0
120,0
152,0
149,0
32,0
87,0
125,0
101,0
123,0
142,0
105,0
45,0
144,0
89,0
2,0
7,0
150,0
110,0
107,0
41,0
50,0
149,0
93,0
127,0
19,0
117,0
95,0
45,0
12,0
6,0
13,0
33,0
56,0
130,0
1,0
25,0
65,0
42,0
28,0
40,0
19,0
144,0
41,0
10,0
116,0
16,0
37,0
141,0
16,0
77,0
39,0
52,0
8,0
110,0
49,0
154,0
88,0
128,0
10,0
55,0
16,0
29,0
21,0
74,0
32,0
149,0
41,0
3,0
101,0
150,0
134,0
31,0
20,0
103,0
116,0
97,0
75,0
72,0
65,0
87,0
4,0
101,0
81,0
67,0
57,0
101,0
3,0
89,0
139,0
154,0
81,0
22,0
83,0
3,0
2,0
54,0
92,0
54,0
88,0
8,0
17,0
123,0
62,0
85,0
104,0
95,0
43,0
108,0
14,0
88,0
42,0
84,0
94,0
6,0
30,0
30,0
95,0
81,0
36,0
19,0
128,0
61,0
6,0
63,0
6,0
19,0
112,0
24,0
118,0
7,0
128,0
137,0
142,0
9,0
100,0
101,0
18,0
46,0
71,0
34,0
145,0
136,0
37,0
36,0
57,0
5,0
59,0
96,0
144,0
91,0
52,0
150,0
9,0
147,0
4,0
13,0
37,0
60,0
150,0
97,0
151,0
13,0
45,0
57,0
57,0
146,0
111,0
84,0
90,0
129,0
129,0
144,0
94,0
129,0
72,0
128,0
19,0
17,0
149,0
142,0
46,0
98,0
0,0
122,0
130,0
22,0
142,0
10,0
137,0
47,0
29,0
47,0
130,0
142,0
68,0
94,0
11,0
123,0
45,0
123,0
139,0
12,0
96,0
38,0
3,0
69,0
154,0
102,0
73,0
35,0
34,0
70,0
13,0
36,0
111,0
10,0
68,0
56,0
85,0
97,0
123,0
130,0
139,0
137,0
69,0
33,0
46,0
126,0
127,0
56,0
68,0
80,0
46,0
124,0
137,0
123,0
37,0
141,0
150,0
33,0
149,0
60,0
61,0
30,0
133,0
25,0
48,0
94,0
57,0
37,0
105,0
6,0
47,0
34,0
55,0
1,0
33,0
124,0
4,0
126,0
65,0
3,0
75,0
4,0
44,0
140,0
105,0
16,0
139,0
78,0
150,0
124,0
73,0
58,0
109,0
122,0
138,0
23,0
120,0
97,0
154,0
49,0
49,0
6,0
142,0
140,0
15,0
11,0
112,0
18,0
88,0
129,0
13,0
111,0
127,0
54,0
64,0
44,0
34,0
133,0
108,0
102,0
31,0
66,0
102,0
35,0
28,0
38,0
63,0
67,0
28,0
3,0
6,0
64,0
126,0
124,0
140,0
71,0
134,0
85,0
13,0
119,0
107,0
28,0
96,0
24,0
111,0
62,0
114,0
78,0
46,0
97,0
124,0
34,0
59,0
83,0
3,0
108,0
143,0
109,0
4,0
130,0
31,0
32,0
74,0
82,0
37,0
45,0
89,0
124,0
33,0
52,0
4,0
8,0
151,0
5,0
107,0
64,0
97,0
100,0
75,0
47,0
122,0
123,0
108,0
107,0
68,0
76,0
90,0
128,0
45,0
66,0
121,0
59,0
122,0
59,0
129,0
1,0
128,0
53,0
29,0
73,0
19,0
126,0
42,0
39,0
49,0
23,0
9,0
25,0
140,0
151,0
28,0
16,0
35,0
120,0
33,0
102,0
8,0
17,0
94,0
50,0
82,0
140,0
53,0
57,0
123,0
57,0
123,0
3,0
121,0
78,0
2,0
1,0
105,0
110,0
126,0
77,0
136,0
80,0
56,0
128,0
72,0
66,0
116,0
29,0
102,0
56,0
41,0
122,0
79,0
12,0
96,0
63,0
34,0
123,0
29,0
29,0
116,0
6,0
100,0
36,0
123,0
13,0
57,0
35,0
35,0
97,0
70,0
122,0
136,0
120,0
99,0
2,0
124,0
112,0
137,0
52,0
64,0
54,0
127,0
53,0
72,0
57,0
73,0
101,0
123,0
136,0
26,0
38,0
82,0
105,0
46,0
143,0
149,0
54,0
24,0
54,0
79,0
97,0
117,0
8,0
137,0
46,0
31,0
77,0
32,0
14,0
6,0
136,0
120,0
25,0
6,0
9,0
62,0
100,0
106,0
59,0
151,0
127,0
109,0
123,0
47,0
125,0
26,0
30,0
22,0
118,0
56,0
129,0
32,0
142,0
106,0
144,0
37,0
61,0
95,0
142,0
39,0
104,0
115,0
125,0
137,0
102,0
9,0
117,0
128,0
111,0
149,0
93,0
15,0
4,0
124,0
98,0
109,0
134,0
93,0
18,0
29,0
20,0
1,0
13,0
141,0
66,0
49,0
117,0
31,0
124,0
134,0
125,0
98,0
113,0
115,0
47,0
51,0
96,0
7,0
43,0
33,0
94,0
141,0
132,0
0,0
143,0
37,0
100,0
5,0
38,0
29,0
120,0
46,0
7,0
63,0
139,0
106,0
32,0
124,0
57,0
46,0
86,0
122,0
104,0
55,0
54,0
55,0
105,0
18,0
38,0
111,0
74,0
17,0
92,0
123,0
124,0
8,0
122,0
58,0
141,0
89,0
134,0
21,0
29,0
35,0
23,0
145,0
80,0
77,0
137,0
106,0
154,0
100,0
10,0
8,0
8,0
78,0
142,0
38,0
80,0
132,0
74,0
11,0
136,0
41,0
18,0
16,0
46,0
76,0
54,0
111,0
3,0
99,0
106,0
128,0
29,0
65,0
110,0
101,0
100,0
112,0
79,0
33,0
11,0
45,0
131,0
123,0
33,0
15,0
89,0
43,0
136,0
88,0
21,0
60,0
31,0
102,0
58,0
63,0
69,0
127,0
127,0
134,0
67,0
128,0
124,0
124,0
55,0
1,0
90,0
34,0
11,0
142,0
55,0
142,0
64,0
141,0
116,0
35,0
41,0
127,0
50,0
28,0
131,0
148,0
26,0
0,0
11,0
72,0
73,0
55,0
75,0
107,0
36,0
34,0
20,0
101,0
136,0
90,0
5,0
111,0
79,0
61,0
109,0
37,0
20,0
93,0
139,0
54,0
99,0
32,0
115,0
94,0
142,0
64,0
75,0
107,0
45,0
11,0
76,0
35,0
76,0
31,0
55,0
144,0
118,0
82,0
124,0
73,0
22,0
81,0
15,0
150,0
79,0
57,0
32,0
142,0
92,0
15,0
69,0
70,0
123,0
1,0
83,0
77,0
11,0
39,0
60,0
103,0
108,0
97,0
76,0
105,0
113,0
17,0
94,0
119,0
142,0
26,0
119,0
40,0
96,0
4,0
14,0
152,0
149,0
130,0
61,0
34,0
72,0
111,0
26,0
122,0
113,0
128,0
111,0
110,0
41,0
74,0
32,0
12,0
111,0
94,0
28,0
21,0
76,0
40,0
74,0
61,0
137,0
79,0
29,0
88,0
62,0
100,0
126,0
93,0
79,0
147,0
4,0
23,0
121,0
23,0
88,0
143,0
48,0
4,0
90,0
8,0
142,0
5,0
51,0
88,0
69,0
109,0
39,0
38,0
74,0
5,0
110,0
124,0
102,0
39,0
42,0
85,0
37,0
123,0
100,0
143,0
47,0
113,0
9,0
140,0
29,0
37,0
142,0
128,0
11,0
2,0
0,0
6,0
97,0
117,0
139,0
64,0
122,0
93,0
142,0
139,0
62,0
23,0
73,0
114,0
99,0
141,0
105,0
41,0
9,0
79,0
29,0
18,0
25,0
15,0
30,0
31,0
144,0
118,0
110,0
24,0
98,0
104,0
108,0
26,0
35,0
91,0
103,0
68,0
142,0
149,0
51,0
31,0
30,0
14,0
57,0
146,0
131,0
75,0
12,0
54,0
140,0
66,0
66,0
94,0
126,0
134,0
21,0
89,0
120,0
103,0
3,0
5,0
30,0
101,0
58,0
116,0
4,0
143,0
128,0
129,0
85,0
58,0
56,0
84,0
151,0
121,0
66,0
142,0
53,0
86,0
124,0
2,0
97,0
150,0
42,0
61,0
54,0
90,0
16,0
140,0
128,0
123,0
112,0
122,0
18,0
94,0
97,0
97,0
123,0
107,0
5,0
95,0
49,0
17,0
33,0
124,0
41,0
88,0
69,0
134,0
139,0
82,0
128,0
134,0
71,0
28,0
53,0
141,0
146,0
151,0
124,0
147,0
143,0
85,0
4,0
143,0
24,0
4,0
134,0
124,0
145,0
139,0
111,0
16,0
10,0
117,0
32,0
63,0
37,0
105,0
124,0
61,0
97,0
126,0
94,0
145,0
24,0
88,0
110,0
14,0
15,0
94,0
128,0
70,0
3,0
145,0
49,0
24,0
65,0
24,0
70,0
83,0
105,0
103,0
142,0
59,0
17,0
16,0
129,0
37,0
119,0
6,0
28,0
78,0
106,0
30,0
137,0
17,0
49,0
124,0
108,0
7,0
148,0
91,0
2,0
9,0
69,0
71,0
42,0
97,0
51,0
142,0
124,0
71,0
90,0
1,0
100,0
124,0
84,0
112,0
139,0
69,0
49,0
112,0
148,0
132,0
137,0
57,0
144,0
41,0
149,0
17,0
102,0
145,0
39,0
99,0
124,0
14,0
145,0
2,0
47,0
131,0
146,0
97,0
66,0
100,0
51,0
10,0
71,0
123,0
112,0
136,0
84,0
3,0
92,0
34,0
84,0
112,0
104,0
82,0
66,0
55,0
89,0
16,0
12,0
15,0
123,0
28,0
77,0
86,0
60,0
139,0
35,0
140,0
85,0
124,0
17,0
126,0
128,0
4,0
99,0
42,0
23,0
45,0
4,0
132,0
122,0
142,0
114,0
1,0
140,0
135,0
114,0
117,0
46,0
31,0
142,0
24,0
142,0
142,0
106,0
7,0
11,0
129,0
128,0
100,0
15,0
136,0
110,0
54,0
94,0
6,0
25,0
118,0
118,0
130,0
79,0
24,0
4,0
111,0
29,0
140,0
77,0
84,0
97,0
60,0
51,0
82,0
115,0
2,0
127,0
107,0
57,0
72,0
121,0
151,0
61,0
30,0
101,0
77,0
110,0
67,0
23,0
91,0
41,0
72,0
18,0
68,0
97,0
129,0
23,0
97,0
123,0
58,0
79,0
141,0
123,0
14,0
13,0
103,0
85,0
68,0
9,0
127,0
100,0
4,0
145,0
68,0
78,0
134,0
142,0
54,0
15,0
94,0
72,0
26,0
55,0
126,0
84,0
39,0
76,0
5,0
39,0
15,0
137,0
124,0
66,0
47,0
133,0
132,0
45,0
9,0
128,0
114,0
122,0
54,0
88,0
5,0
141,0
56,0
4,0
143,0
26,0
35,0
4,0
66,0
145,0
16,0
124,0
66,0
115,0
70,0
94,0
93,0
127,0
37,0
45,0
19,0
135,0
139,0
6,0
70,0
47,0
134,0
54,0
81,0
5,0
95,0
30,0
7,0
32,0
17,0
37,0
27,0
125,0
107,0
29,0
59,0
81,0
143,0
26,0
123,0
72,0
53,0
84,0
0,0
71,0
117,0
26,0
39,0
71,0
48,0
149,0
98,0
6,0
129,0
64,0
102,0
49,0
79,0
22,0
92,0
91,0
23,0
137,0
134,0
108,0
97,0
128,0
10,0
101,0
152,0
112,0
109,0
103,0
123,0
137,0
134,0
53,0
6,0
123,0
142,0
44,0
39,0
42,0
123,0
97,0
150,0
82,0
14,0
114,0
8,0
21,0
34,0
66,0
12,0
130,0
104,0
16,0
13,0
70,0
83,0
13,0
149,0
142,0
50,0
109,0
117,0
4,0
154,0
44,0
59,0
21,0
13,0
44,0
76,0
110,0
148,0
2,0
7,0
55,0
39,0
6,0
33,0
88,0
48,0
108,0
78,0
19,0
124,0
60,0
47,0
147,0
126,0
28,0
102,0
77,0
27,0
54,0
108,0
32,0
70,0
4,0
77,0
134,0
102,0
120,0
127,0
70,0
134,0
42,0
17,0
42,0
28,0
140,0
123,0
51,0
132,0
149,0
17,0
4,0
4,0
25,0
107,0
136,0
41,0
121,0
65,0
127,0
85,0
30,0
142,0
28,0
123,0
19,0
89,0
124,0
0,0
106,0
152,0
102,0
87,0
0,0
108,0
84,0
36,0
4,0
152,0
108,0
103,0
99,0
119,0
98,0
111,0
63,0
146,0
39,0
142,0
95,0
42,0
23,0
5,0
66,0
45,0
111,0
7,0
52,0
22,0
34,0
61,0
128,0
39,0
67,0
64,0
70,0
73,0
73,0
142,0
127,0
124,0
104,0
61,0
16,0
50,0
124,0
112,0
66,0
11,0
139,0
97,0
106,0
50,0
17,0
91,0
147,0
103,0
89,0
6,0
19,0
30,0
88,0
23,0
3,0
15,0
129,0
1,0
54,0
11,0
15,0
31,0
104,0
68,0
65,0
121,0
94,0
108,0
127,0
134,0
71,0
124,0
32,0
90,0
140,0
69,0
146,0
118,0
85,0
72,0
66,0
136,0
111,0
60,0
1,0
26,0
118,0
145,0
114,0
99,0
125,0
93,0
105,0
111,0
46,0
25,0
120,0
18,0
145,0
31,0
122,0
139,0
149,0
130,0
50,0
86,0
138,0
56,0
9,0
19,0
14,0
57,0
90,0
146,0
143,0
88,0
139,0
94,0
2,0
131,0
7,0
150,0
44,0
17,0
133,0
96,0
15,0
4,0
47,0
8,0
111,0
151,0
7,0
47,0
143,0
54,0
119,0
98,0
128,0
91,0
33,0
136,0
100,0
64,0
70,0
46,0
87,0
7,0
150,0
39,0
72,0
19,0
110,0
131,0
122,0
37,0
44,0
1,0
18,0
123,0
76,0
61,0
8,0
110,0
17,0
110,0
109,0
101,0
142,0
122,0
123,0
135,0
41,0
137,0
145,0
50,0
145,0
47,0
137,0
95,0
43,0
52,0
17,0
30,0
45,0
143,0
120,0
91,0
45,0
152,0
142,0
59,0
84,0
53,0
18,0
128,0
134,0
123,0
25,0
127,0
150,0
17,0
0,0
136,0
67,0
57,0
126,0
50,0
71,0
78,0
123,0
134,0
89,0
7,0
36,0
4,0
54,0
84,0
134,0
68,0
14,0
141,0
82,0
89,0
70,0
149,0
145,0
143,0
14,0
153,0
134,0
122,0
111,0
67,0
74,0
112,0
50,0
125,0
18,0
48,0
43,0
128,0
33,0
15,0
116,0
16,0
17,0
52,0
25,0
49,0
89,0
101,0
48,0
1,0
32,0
7,0
122,0
63,0
27,0
67,0
109,0
142,0
26,0
33,0
30,0
88,0
137,0
72,0
104,0
133,0
105,0
62,0
74,0
124,0
81,0
12,0
48,0
26,0
149,0
45,0
142,0
115,0
82,0
79,0
58,0
4,0
142,0
23,0
89,0
30,0
131,0
52,0
29,0
83,0
34,0
95,0
17,0
94,0
50,0
80,0
27,0
31,0
114,0
124,0
61,0
44,0
129,0
83,0
18,0
55,0
57,0
111,0
114,0
52,0
46,0
90,0
11,0
126,0
68,0
96,0
47,0
84,0
61,0
35,0
31,0
56,0
39,0
105,0
117,0
144,0
24,0
18,0
80,0
123,0
91,0
6,0
50,0
11,0
82,0
123,0
122,0
117,0
110,0
21,0
122,0
9,0
92,0
91,0
142,0
78,0
99,0
47,0
66,0
19,0
127,0
8,0
49,0
57,0
141,0
25,0
110,0
128,0
137,0
16,0
71,0
149,0
128,0
25,0
93,0
127,0
26,0
51,0
128,0
60,0
16,0
70,0
92,0
71,0
3,0
142,0
91,0
49,0
137,0
96,0
0,0
70,0
133,0
102,0
122,0
54,0
39,0
21,0
29,0
68,0
4,0
68,0
26,0
77,0
108,0
0,0
16,0
114,0
54,0
57,0
2,0
7,0
30,0
128,0
13,0
26,0
0,0
39,0
139,0
13,0
4,0
45,0
124,0
85,0
70,0
91,0
94,0
66,0
89,0
91,0
49,0
7,0
126,0
44,0
97,0
112,0
113,0
100,0
110,0
134,0
47,0
26,0
26,0
124,0
73,0
133,0
71,0
70,0
87,0
142,0
57,0
117,0
60,0
149,0
149,0
40,0
99,0
104,0
58,0
75,0
89,0
56,0
8,0
14,0
49,0
79,0
109,0
111,0
128,0
17,0
26,0
122,0
95,0
37,0
78,0
31,0
149,0
58,0
116,0
37,0
39,0
30,0
7,0
104,0
37,0
127,0
95,0
128,0
24,0
111,0
6,0
73,0
14,0
130,0
23,0
122,0
94,0
127,0
127,0
128,0
148,0
105,0
60,0
150,0
87,0
70,0
105,0
124,0
111,0
51,0
98,0
5,0
40,0
12,0
123,0
73,0
126,0
26,0
144,0
101,0
127,0
35,0
135,0
104,0
1,0
123,0
22,0
142,0
90,0
116,0
93,0
120,0
27,0
14,0
151,0
7,0
121,0
102,0
75,0
58,0
137,0
16,0
40,0
21,0
143,0
36,0
97,0
14,0
139,0
98,0
143,0
142,0
151,0
87,0
133,0
105,0
21,0
104,0
86,0
141,0
44,0
151,0
119,0
114,0
11,0
102,0
12,0
1,0
127,0
136,0
100,0
143,0
44,0
44,0
104,0
81,0
137,0
0,0
20,0
49,0
100,0
8,0
145,0
77,0
117,0
88,0
101,0
146,0
24,0
149,0
110,0
124,0
71,0
18,0
28,0
124,0
135,0
151,0
127,0
111,0
136,0
110,0
133,0
35,0
116,0
45,0
95,0
11,0
151,0
3,0
97,0
20,0
24,0
110,0
127,0
38,0
138,0
106,0
137,0
116,0
128,0
134,0
15,0
100,0
98,0
64,0
132,0
9,0
30,0
116,0
114,0
57,0
120,0
61,0
110,0
49,0
52,0
17,0
26,0
125,0
151,0
49,0
128,0
46,0
138,0
29,0
19,0
129,0
43,0
33,0
121,0
148,0
6,0
58,0
36,0
117,0
54,0
4,0
151,0
24,0
23,0
9,0
3,0
0,0
92,0
50,0
82,0
129,0
106,0
139,0
93,0
47,0
51,0
64,0
39,0
128,0
63,0
94,0
71,0
37,0
127,0
120,0
88,0
136,0
143,0
92,0
111,0
49,0
124,0
103,0
30,0
70,0
27,0
66,0
68,0
95,0
27,0
118,0
133,0
25,0
55,0
48,0
106,0
142,0
150,0
59,0
98,0
46,0
62,0
142,0
130,0
150,0
12,0
139,0
109,0
17,0
46,0
124,0
54,0
20,0
1,0
28,0
133,0
29,0
92,0
51,0
97,0
12,0
134,0
97,0
12,0
134,0
6,0
23,0
103,0
140,0
151,0
128,0
114,0
87,0
84,0
49,0
119,0
8,0
30,0
51,0
128,0
148,0
107,0
92,0
70,0
73,0
151,0
152,0
151,0
57,0
140,0
138,0
124,0
20,0
16,0
29,0
35,0
40,0
38,0
61,0
141,0
149,0
131,0
101,0
83,0
106,0
92,0
68,0
149,0
102,0
141,0
110,0
111,0
56,0
124,0
109,0
124,0
111,0
117,0
115,0
31,0
39,0
35,0
110,0
96,0
23,0
32,0
76,0
81,0
49,0
55,0
26,0
91,0
33,0
142,0
97,0
55,0
62,0
37,0
23,0
76,0
69,0
18,0
78,0
56,0
126,0
92,0
30,0
99,0
97,0
28,0
64,0
84,0
108,0
46,0
130,0
79,0
116,0
12,0
33,0
42,0
40,0
53,0
79,0
16,0
132,0
44,0
128,0
20,0
8,0
63,0
80,0
46,0
153,0
29,0
35,0
99,0
33,0
17,0
124,0
57,0
108,0
97,0
90,0
87,0
123,0
46,0
47,0
115,0
25,0
120,0
26,0
11,0
17,0
88,0
132,0
84,0
148,0
111,0
25,0
36,0
143,0
25,0
12,0
29,0
26,0
123,0
118,0
140,0
27,0
90,0
106,0
51,0
133,0
125,0
67,0
44,0
72,0
100,0
124,0
117,0
139,0
50,0
113,0
142,0
29,0
50,0
149,0
19,0
28,0
135,0
135,0
150,0
85,0
117,0
53,0
129,0
91,0
49,0
27,0
140,0
56,0
45,0
60,0
128,0
94,0
2,0
17,0
129,0
146,0
86,0
65,0
35,0
94,0
102,0
55,0
3,0
125,0
15,0
124,0
100,0
124,0
97,0
56,0
124,0
2,0
12,0
108,0
137,0
14,0
18,0
94,0
16,0
33,0
101,0
107,0
11,0
146,0
5,0
78,0
8,0
53,0
14,0
14,0
2,0
123,0
26,0
126,0
124,0
21,0
75,0
111,0
35,0
89,0
20,0
38,0
130,0
70,0
57,0
134,0
41,0
127,0
141,0
144,0
24,0
106,0
143,0
126,0
81,0
69,0
3,0
91,0
132,0
143,0
52,0
92,0
116,0
1,0
82,0
64,0
23,0
134,0
87,0
51,0
48,0
50,0
144,0
142,0
92,0
82,0
108,0
123,0
94,0
48,0
80,0
129,0
40,0
37,0
4,0
37,0
17,0
50,0
128,0
114,0
33,0
123,0
151,0
129,0
61,0
124,0
12,0
129,0
94,0
129,0
49,0
75,0
1,0
124,0
45,0
48,0
129,0
130,0
8,0
7,0
127,0
127,0
62,0
97,0
127,0
25,0
78,0
134,0
90,0
50,0
137,0
73,0
2,0
17,0
62,0
85,0
114,0
134,0
64,0
68,0
13,0
67,0
123,0
29,0
124,0
115,0
6,0
10,0
102,0
49,0
139,0
21,0
130,0
148,0
132,0
69,0
142,0
29,0
105,0
70,0
124,0
11,0
124,0
131,0
47,0
66,0
7,0
19,0
138,0
35,0
86,0
51,0
12,0
79,0
61,0
120,0
107,0
53,0
25,0
128,0
24,0
48,0
60,0
68,0
5,0
39,0
150,0
51,0
101,0
142,0
26,0
71,0
8,0
65,0
118,0
141,0
63,0
51,0
17,0
102,0
57,0
26,0
145,0
129,0
130,0
93,0
149,0
26,0
36,0
46,0
3,0
106,0
28,0
44,0
48,0
105,0
129,0
127,0
141,0
142,0
151,0
137,0
108,0
101,0
1,0
82,0
76,0
62,0
38,0
13,0
131,0
45,0
124,0
105,0
150,0
89,0
54,0
44,0
134,0
86,0
71,0
100,0
11,0
117,0
120,0
63,0
133,0
34,0
118,0
113,0
142,0
151,0
123,0
38,0
91,0
27,0
89,0
80,0
57,0
87,0
140,0
150,0
90,0
129,0
130,0
49,0
37,0
139,0
130,0
24,0
93,0
32,0
99,0
128,0
134,0
23,0
89,0
30,0
86,0
17,0
143,0
122,0
121,0
134,0
18,0
25,0
36,0
128,0
123,0
46,0
151,0
143,0
38,0
150,0
108,0
19,0
143,0
91,0
31,0
96,0
79,0
61,0
112,0
147,0
138,0
4,0
93,0
135,0
30,0
121,0
71,0
44,0
42,0
62,0
46,0
70,0
113,0
94,0
152,0
64,0
20,0
110,0
97,0
70,0
117,0
56,0
61,0
44,0
126,0
33,0
44,0
5,0
34,0
142,0
92,0
106,0
23,0
61,0
73,0
21,0
88,0
7,0
93,0
128,0
65,0
130,0
137,0
124,0
139,0
142,0
111,0
140,0
122,0
96,0
109,0
48,0
6,0
4,0
4,0
77,0
13,0
50,0
122,0
143,0
59,0
107,0
0,0
1,0
140,0
28,0
7,0
86,0
151,0
73,0
110,0
83,0
37,0
34,0
52,0
59,0
43,0
140,0
52,0
86,0
54,0
117,0
88,0
28,0
49,0
84,0
48,0
112,0
11,0
124,0
48,0
113,0
7,0
55,0
30,0
124,0
149,0
54,0
111,0
23,0
139,0
141,0
33,0
132,0
51,0
11,0
30,0
29,0
17,0
71,0
97,0
109,0
24,0
111,0
68,0
53,0
49,0
149,0
24,0
5,0
4,0
69,0
6,0
21,0
133,0
106,0
34,0
53,0
142,0
11,0
95,0
7,0
124,0
50,0
95,0
123,0
65,0
119,0
78,0
54,0
151,0
10,0
124,0
78,0
19,0
139,0
46,0
86,0
118,0
54,0
144,0
130,0
150,0
43,0
76,0
2,0
103,0
93,0
118,0
46,0
100,0
97,0
128,0
133,0
58,0
61,0
9,0
124,0
16,0
114,0
27,0
37,0
142,0
122,0
43,0
127,0
111,0
75,0
28,0
28,0
150,0
130,0
144,0
124,0
39,0
132,0
145,0
30,0
53,0
118,0
40,0
66,0
117,0
151,0
118,0
142,0
118,0
5,0
124,0
83,0
32,0
110,0
68,0
6,0
41,0
45,0
69,0
57,0
56,0
9,0
137,0
111,0
113,0
77,0
148,0
101,0
136,0
12,0
56,0
120,0
143,0
108,0
82,0
55,0
88,0
142,0
24,0
104,0
42,0
64,0
72,0
33,0
133,0
132,0
129,0
124,0
68,0
123,0
120,0
100,0
90,0
30,0
16,0
11,0
134,0
12,0
49,0
144,0
59,0
85,0
136,0
33,0
18,0
66,0
14,0
122,0
128,0
98,0
26,0
74,0
1,0
25,0
137,0
58,0
4,0
124,0
109,0
121,0
46,0
32,0
37,0
54,0
29,0
6,0
142,0
124,0
78,0
123,0
56,0
59,0
111,0
27,0
107,0
110,0
30,0
128,0
128,0
141,0
128,0
117,0
6,0
134,0
121,0
142,0
96,0
130,0
90,0
28,0
47,0
148,0
92,0
83,0
27,0
149,0
11,0
81,0
21,0
2,0
107,0
85,0
69,0
140,0
142,0
1,0
124,0
16,0
64,0
69,0
4,0
34,0
104,0
150,0
15,0
125,0
49,0
57,0
154,0
98,0
11,0
39,0
87,0
25,0
110,0
8,0
149,0
88,0
132,0
114,0
111,0
108,0
108,0
38,0
99,0
54,0
46,0
113,0
115,0
107,0
19,0
128,0
87,0
135,0
113,0
6,0
20,0
16,0
115,0
69,0
134,0
5,0
135,0
52,0
124,0
12,0
29,0
135,0
18,0
150,0
110,0
137,0
127,0
59,0
143,0
43,0
150,0
97,0
82,0
150,0
26,0
97,0
140,0
40,0
133,0
51,0
123,0
124,0
85,0
142,0
97,0
81,0
18,0
20,0
45,0
4,0
87,0
142,0
112,0
141,0
20,0
134,0
95,0
70,0
137,0
46,0
151,0
100,0
29,0
107,0
57,0
120,0
64,0
42,0
85,0
26,0
79,0
15,0
69,0
135,0
124,0
88,0
151,0
11,0
33,0
23,0
60,0
71,0
67,0
142,0
127,0
47,0
62,0
153,0
103,0
140,0
48,0
97,0
89,0
0,0
33,0
150,0
154,0
57,0
142,0
12,0
48,0
2,0
9,0
37,0
4,0
33,0
23,0
33,0
103,0
30,0
8,0
51,0
140,0
143,0
72,0
3,0
95,0
78,0
127,0
23,0
11,0
92,0
78,0
135,0
0,0
34,0
30,0
88,0
72,0
42,0
151,0
22,0
44,0
47,0
137,0
124,0
127,0
87,0
16,0
79,0
124,0
107,0
82,0
128,0
102,0
50,0
102,0
74,0
50,0
108,0
106,0
86,0
153,0
146,0
49,0
93,0
100,0
71,0
9,0
18,0
15,0
135,0
148,0
0,0
14,0
141,0
92,0
94,0
142,0
40,0
78,0
41,0
59,0
95,0
27,0
137,0
142,0
52,0
142,0
72,0
73,0
146,0
0,0
142,0
110,0
81,0
12,0
93,0
77,0
4,0
56,0
137,0
125,0
33,0
42,0
28,0
17,0
100,0
114,0
47,0
128,0
126,0
120,0
83,0
89,0
120,0
6,0
68,0
140,0
78,0
129,0
85,0
57,0
72,0
14,0
10,0
119,0
57,0
93,0
98,0
136,0
1,0
47,0
136,0
29,0
1,0
136,0
58,0
119,0
90,0
39,0
87,0
9,0
16,0
147,0
86,0
70,0
145,0
31,0
123,0
151,0
142,0
51,0
47,0
106,0
151,0
70,0
0,0
111,0
78,0
108,0
4,0
63,0
31,0
69,0
34,0
105,0
143,0
79,0
111,0
86,0
117,0
55,0
85,0
77,0
149,0
0,0
101,0
97,0
63,0
141,0
82,0
133,0
141,0
16,0
50,0
51,0
129,0
81,0
151,0
128,0
79,0
144,0
114,0
6,0
75,0
39,0
71,0
85,0
42,0
118,0
98,0
26,0
11,0
151,0
97,0
61,0
1,0
114,0
124,0
17,0
82,0
113,0
51,0
130,0
38,0
116,0
146,0
75,0
10,0
82,0
50,0
114,0
124,0
127,0
31,0
12,0
2,0
103,0
91,0
126,0
143,0
95,0
35,0
79,0
48,0
6,0
66,0
133,0
142,0
39,0
32,0
9,0
7,0
59,0
70,0
58,0
97,0
7,0
43,0
124,0
40,0
16,0
79,0
136,0
152,0
102,0
4,0
137,0
12,0
47,0
55,0
81,0
15,0
150,0
54,0
2,0
123,0
100,0
35,0
48,0
12,0
9,0
70,0
138,0
132,0
146,0
123,0
53,0
76,0
136,0
97,0
101,0
90,0
141,0
149,0
6,0
151,0
62,0
137,0
6,0
87,0
23,0
6,0
12,0
91,0
124,0
91,0
24,0
24,0
142,0
129,0
80,0
129,0
97,0
11,0
20,0
20,0
127,0
30,0
41,0
57,0
103,0
2,0
92,0
122,0
22,0
38,0
126,0
44,0
48,0
54,0
102,0
130,0
84,0
53,0
21,0
96,0
126,0
128,0
32,0
119,0
24,0
136,0
90,0
119,0
136,0
33,0
139,0
130,0
35,0
41,0
26,0
130,0
142,0
81,0
16,0
102,0
44,0
57,0
134,0
58,0
38,0
108,0
17,0
124,0
109,0
8,0
105,0
13,0
74,0
106,0
115,0
48,0
151,0
56,0
34,0
135,0
152,0
24,0
149,0
118,0
52,0
44,0
97,0
3,0
136,0
137,0
73,0
61,0
86,0
68,0
85,0
109,0
73,0
145,0
87,0
142,0
12,0
69,0
23,0
85,0
46,0
151,0
151,0
139,0
67,0
40,0
54,0
127,0
61,0
58,0
122,0
1,0
1,0
47,0
7,0
78,0
130,0
11,0
37,0
49,0
112,0
117,0
123,0
140,0
52,0
91,0
78,0
45,0
84,0
6,0
9,0
135,0
118,0
37,0
130,0
49,0
11,0
50,0
34,0
129,0
57,0
2,0
25,0
41,0
150,0
86,0
91,0
129,0
92,0
42,0
97,0
50,0
92,0
17,0
88,0
47,0
0,0
18,0
11,0
33,0
45,0
17,0
63,0
23,0
140,0
142,0
138,0
124,0
7,0
5,0
31,0
0,0
17,0
29,0
12,0
44,0
104,0
72,0
11,0
21,0
118,0
120,0
128,0
30,0
110,0
132,0
80,0
34,0
97,0
43,0
14,0
0,0
129,0
143,0
125,0
142,0
71,0
123,0
33,0
122,0
131,0
46,0
142,0
110,0
9,0
67,0
73,0
84,0
72,0
56,0
54,0
154,0
98,0
126,0
48,0
12,0
149,0
29,0
31,0
21,0
55,0
100,0
151,0
128,0
3,0
73,0
13,0
31,0
45,0
29,0
138,0
2,0
136,0
88,0
43,0
55,0
61,0
53,0
124,0
78,0
7,0
64,0
108,0
0,0
1,0
141,0
108,0
37,0
46,0
29,0
151,0
26,0
128,0
151,0
128,0
69,0
61,0
118,0
92,0
68,0
111,0
64,0
30,0
97,0
47,0
59,0
126,0
128,0
35,0
124,0
2,0
97,0
102,0
123,0
0,0
11,0
46,0
128,0
5,0
55,0
30,0
61,0
23,0
128,0
53,0
136,0
7,0
25,0
72,0
52,0
142,0
143,0
136,0
144,0
128,0
143,0
138,0
126,0
126,0
88,0
137,0
59,0
116,0
44,0
99,0
8,0
108,0
57,0
122,0
7,0
140,0
82,0
101,0
4,0
45,0
68,0
67,0
30,0
70,0
50,0
128,0
110,0
41,0
23,0
19,0
141,0
126,0
67,0
47,0
89,0
152,0
23,0
150,0
36,0
121,0
16,0
0,0
56,0
52,0
3,0
58,0
0,0
9,0
113,0
39,0
44,0
107,0
68,0
40,0
66,0
65,0
80,0
142,0
110,0
72,0
51,0
144,0
121,0
137,0
123,0
38,0
46,0
114,0
9,0
97,0
31,0
54,0
26,0
54,0
97,0
88,0
130,0
40,0
99,0
144,0
56,0
97,0
153,0
61,0
1,0
44,0
139,0
108,0
142,0
38,0
39,0
15,0
70,0
134,0
100,0
44,0
40,0
106,0
113,0
30,0
128,0
23,0
24,0
22,0
111,0
29,0
40,0
128,0
111,0
69,0
104,0
90,0
38,0
132,0
106,0
124,0
137,0
38,0
44,0
96,0
34,0
152,0
101,0
130,0
26,0
23,0
70,0
58,0
97,0
45,0
138,0
135,0
29,0
60,0
149,0
144,0
132,0
0,0
30,0
53,0
87,0
120,0
107,0
137,0
67,0
107,0
66,0
142,0
124,0
88,0
20,0
123,0
50,0
38,0
94,0
118,0
114,0
8,0
149,0
122,0
99,0
57,0
137,0
19,0
81,0
52,0
128,0
3,0
112,0
64,0
114,0
119,0
67,0
28,0
111,0
20,0
80,0
32,0
94,0
29,0
85,0
140,0
32,0
93,0
108,0
49,0
139,0
108,0
67,0
136,0
135,0
143,0
137,0
100,0
9,0
81,0
6,0
93,0
49,0
124,0
85,0
124,0
55,0
128,0
134,0
59,0
150,0
37,0
63,0
9,0
114,0
76,0
109,0
139,0
150,0
75,0
136,0
53,0
125,0
117,0
150,0
83,0
77,0
42,0
43,0
3,0
29,0
132,0
39,0
5,0
133,0
60,0
134,0
67,0
99,0
1,0
121,0
98,0
46,0
102,0
66,0
10,0
45,0
69,0
51,0
4,0
23,0
108,0
65,0
126,0
12,0
127,0
50,0
145,0
55,0
128,0
8,0
144,0
98,0
103,0
40,0
102,0
8,0
99,0
124,0
0,0
84,0
106,0
121,0
125,0
63,0
3,0
135,0
13,0
13,0
151,0
72,0
66,0
128,0
4,0
13,0
123,0
71,0
16,0
87,0
123,0
9,0
85,0
110,0
134,0
142,0
4,0
32,0
115,0
137,0
151,0
124,0
115,0
138,0
130,0
57,0
72,0
45,0
94,0
153,0
117,0
16,0
134,0
124,0
29,0
25,0
16,0
22,0
124,0
12,0
120,0
69,0
1,0
60,0
26,0
0,0
127,0
4,0
149,0
94,0
126,0
38,0
115,0
99,0
103,0
11,0
16,0
33,0
11,0
92,0
131,0
146,0
97,0
43,0
36,0
143,0
38,0
61,0
133,0
29,0
99,0
88,0
142,0
126,0
49,0
70,0
125,0
142,0
118,0
133,0
108,0
146,0
53,0
97,0
69,0
117,0
142,0
128,0
71,0
106,0
98,0
110,0
51,0
72,0
11,0
11,0
49,0
78,0
56,0
150,0
69,0
142,0
89,0
56,0
78,0
36,0
22,0
150,0
127,0
19,0
106,0
69,0
6,0
15,0
33,0
101,0
130,0
11,0
139,0
56,0
130,0
62,0
50,0
23,0
6,0
97,0
46,0
121,0
79,0
18,0
124,0
64,0
25,0
95,0
52,0
101,0
35,0
44,0
128,0
138,0
149,0
66,0
33,0
53,0
46,0
16,0
107,0
85,0
124,0
16,0
65,0
69,0
46,0
106,0
33,0
24,0
151,0
72,0
6,0
82,0
12,0
102,0
132,0
108,0
107,0
36,0
106,0
135,0
149,0
74,0
101,0
127,0
