114,0
93,0
0,0
43,0
90,0
120,0
20,0
100,0
32,0
128,0
91,0
88,0
146,0
35,0
74,0
3,0
111,0
134,0
151,0
128,0
42,0
133,0
1,0
122,0
5,0
108,0
13,0
111,0
77,0
88,0
51,0
51,0
90,0
113,0
47,0
117,0
116,0
74,0
64,0
145,0
45,0
151,0
24,0
83,0
122,0
130,0
130,0
14,0
153,0
13,0
31,0
114,0
30,0
47,0
81,0
144,0
134,0
3,0
145,0
154,0
149,0
90,0
42,0
142,0
111,0
57,0
50,0
53,0
47,0
16,0
83,0
68,0
62,0
87,0
148,0
126,0
25,0
82,0
60,0
106,0
128,0
10,0
51,0
39,0
140,0
58,0
4,0
17,0
7,0
77,0
103,0
22,0
47,0
140,0
100,0
106,0
122,0
86,0
133,0
32,0
62,0
79,0
63,0
56,0
19,0
128,0
133,0
3,0
137,0
5,0
21,0
46,0
7,0
118,0
99,0
110,0
133,0
43,0
86,0
31,0
113,0
92,0
36,0
126,0
20,0
138,0
46,0
145,0
36,0
68,0
87,0
123,0
49,0
142,0
5,0
77,0
28,0
46,0
119,0
5,0
94,0
5,0
99,0
7,0
55,0
13,0
127,0
14,0
56,0
140,0
20,0
55,0
52,0
89,0
21,0
73,0
5,0
77,0
74,0
23,0
90,0
146,0
27,0
42,0
29,0
148,0
70,0
122,0
145,0
133,0
123,0
148,0
28,0
103,0
45,0
32,0
116,0
104,0
40,0
119,0
47,0
148,0
42,0
87,0
53,0
7,0
80,0
144,0
26,0
142,0
133,0
118,0
82,0
127,0
122,0
145,0
97,0
61,0
109,0
136,0
39,0
123,0
30,0
22,0
56,0
150,0
120,0
122,0
30,0
54,0
14,0
121,0
29,0
126,0
84,0
8,0
102,0
48,0
27,0
50,0
10,0
67,0
101,0
1,0
93,0
9,0
88,0
120,0
115,0
145,0
27,0
78,0
125,0
101,0
123,0
66,0
105,0
45,0
144,0
89,0
142,0
66,0
13,0
144,0
107,0
41,0
123,0
139,0
93,0
133,0
19,0
142,0
95,0
45,0
35,0
18,0
13,0
33,0
56,0
130,0
1,0
10,0
65,0
23,0
46,0
43,0
31,0
144,0
40,0
42,0
116,0
2,0
37,0
141,0
16,0
26,0
121,0
108,0
25,0
18,0
51,0
154,0
123,0
128,0
10,0
110,0
16,0
29,0
21,0
74,0
142,0
142,0
41,0
31,0
101,0
150,0
134,0
37,0
69,0
26,0
115,0
134,0
75,0
72,0
65,0
90,0
4,0
101,0
81,0
3,0
33,0
101,0
21,0
84,0
139,0
1,0
75,0
57,0
83,0
100,0
37,0
54,0
133,0
54,0
88,0
10,0
17,0
124,0
65,0
74,0
104,0
77,0
43,0
108,0
14,0
88,0
42,0
84,0
94,0
69,0
30,0
30,0
77,0
69,0
68,0
140,0
46,0
61,0
23,0
47,0
6,0
143,0
112,0
150,0
140,0
7,0
126,0
149,0
123,0
68,0
37,0
101,0
18,0
46,0
65,0
8,0
35,0
138,0
37,0
36,0
125,0
5,0
59,0
96,0
144,0
91,0
54,0
118,0
10,0
147,0
4,0
13,0
29,0
128,0
142,0
97,0
142,0
13,0
45,0
57,0
57,0
95,0
111,0
84,0
133,0
26,0
142,0
144,0
78,0
133,0
72,0
46,0
19,0
5,0
145,0
133,0
48,0
98,0
0,0
122,0
130,0
22,0
142,0
9,0
142,0
47,0
29,0
150,0
130,0
47,0
45,0
131,0
11,0
10,0
45,0
122,0
142,0
12,0
96,0
38,0
5,0
151,0
154,0
102,0
73,0
35,0
34,0
69,0
13,0
36,0
149,0
28,0
68,0
56,0
85,0
95,0
126,0
95,0
123,0
137,0
69,0
33,0
130,0
139,0
123,0
21,0
68,0
80,0
46,0
68,0
136,0
124,0
16,0
46,0
38,0
33,0
149,0
60,0
61,0
30,0
133,0
48,0
118,0
94,0
33,0
2,0
128,0
6,0
47,0
118,0
110,0
1,0
33,0
133,0
142,0
126,0
65,0
30,0
88,0
4,0
48,0
5,0
145,0
16,0
139,0
86,0
150,0
142,0
73,0
58,0
109,0
122,0
122,0
30,0
35,0
97,0
25,0
49,0
133,0
122,0
142,0
140,0
14,0
11,0
120,0
50,0
85,0
26,0
12,0
111,0
142,0
53,0
64,0
44,0
125,0
74,0
140,0
112,0
31,0
66,0
102,0
21,0
150,0
36,0
63,0
67,0
126,0
30,0
36,0
71,0
103,0
123,0
60,0
51,0
130,0
82,0
13,0
119,0
99,0
8,0
133,0
43,0
111,0
23,0
150,0
82,0
46,0
96,0
70,0
34,0
59,0
83,0
5,0
23,0
143,0
50,0
4,0
130,0
31,0
32,0
74,0
82,0
2,0
45,0
134,0
133,0
33,0
145,0
4,0
8,0
51,0
35,0
45,0
64,0
80,0
32,0
75,0
33,0
122,0
123,0
12,0
107,0
68,0
76,0
90,0
128,0
102,0
24,0
62,0
59,0
122,0
59,0
129,0
1,0
128,0
49,0
4,0
99,0
117,0
126,0
59,0
32,0
54,0
23,0
10,0
25,0
34,0
136,0
47,0
16,0
35,0
120,0
57,0
41,0
142,0
50,0
94,0
50,0
82,0
140,0
53,0
9,0
127,0
21,0
123,0
30,0
121,0
78,0
128,0
1,0
100,0
133,0
126,0
77,0
133,0
87,0
48,0
123,0
43,0
136,0
116,0
117,0
102,0
21,0
43,0
53,0
79,0
5,0
76,0
63,0
24,0
142,0
109,0
29,0
116,0
127,0
51,0
64,0
123,0
19,0
27,0
32,0
0,0
148,0
70,0
128,0
137,0
120,0
105,0
142,0
7,0
109,0
5,0
53,0
64,0
145,0
142,0
53,0
72,0
33,0
2,0
133,0
137,0
133,0
26,0
41,0
79,0
143,0
122,0
143,0
142,0
54,0
64,0
53,0
79,0
130,0
88,0
8,0
137,0
123,0
19,0
77,0
32,0
14,0
127,0
137,0
120,0
25,0
6,0
44,0
5,0
100,0
106,0
59,0
149,0
127,0
36,0
46,0
46,0
0,0
26,0
30,0
22,0
118,0
56,0
123,0
28,0
142,0
133,0
144,0
37,0
60,0
95,0
128,0
5,0
125,0
115,0
125,0
133,0
102,0
9,0
69,0
128,0
111,0
138,0
93,0
134,0
4,0
46,0
98,0
154,0
133,0
93,0
47,0
29,0
20,0
125,0
13,0
29,0
37,0
133,0
142,0
40,0
6,0
134,0
31,0
98,0
113,0
116,0
123,0
51,0
96,0
7,0
115,0
33,0
133,0
137,0
91,0
0,0
143,0
37,0
100,0
34,0
136,0
29,0
120,0
46,0
4,0
65,0
139,0
73,0
32,0
50,0
57,0
46,0
90,0
122,0
99,0
117,0
54,0
36,0
105,0
1,0
142,0
112,0
74,0
30,0
92,0
137,0
133,0
18,0
53,0
58,0
151,0
89,0
134,0
21,0
29,0
37,0
23,0
122,0
82,0
81,0
142,0
106,0
17,0
100,0
10,0
8,0
8,0
87,0
133,0
68,0
76,0
88,0
74,0
52,0
5,0
65,0
33,0
16,0
46,0
74,0
8,0
111,0
46,0
99,0
55,0
127,0
142,0
150,0
133,0
101,0
100,0
112,0
133,0
33,0
22,0
45,0
131,0
133,0
33,0
2,0
85,0
17,0
151,0
133,0
21,0
60,0
31,0
70,0
17,0
63,0
69,0
127,0
6,0
88,0
67,0
128,0
46,0
29,0
110,0
52,0
90,0
57,0
11,0
10,0
133,0
127,0
0,0
141,0
105,0
13,0
46,0
57,0
133,0
28,0
131,0
82,0
129,0
0,0
139,0
72,0
73,0
126,0
20,0
107,0
64,0
140,0
20,0
101,0
137,0
90,0
25,0
119,0
79,0
61,0
109,0
37,0
3,0
133,0
133,0
10,0
99,0
32,0
115,0
85,0
133,0
64,0
85,0
107,0
45,0
11,0
93,0
35,0
82,0
26,0
41,0
110,0
118,0
82,0
53,0
73,0
21,0
81,0
15,0
125,0
79,0
147,0
35,0
142,0
132,0
15,0
69,0
0,0
16,0
48,0
112,0
95,0
69,0
39,0
75,0
137,0
108,0
97,0
78,0
105,0
113,0
17,0
82,0
119,0
150,0
26,0
119,0
31,0
82,0
2,0
14,0
127,0
110,0
95,0
61,0
144,0
72,0
111,0
17,0
46,0
115,0
128,0
111,0
19,0
38,0
74,0
32,0
58,0
133,0
96,0
122,0
21,0
76,0
40,0
74,0
61,0
52,0
133,0
29,0
146,0
34,0
37,0
53,0
93,0
87,0
123,0
54,0
23,0
121,0
64,0
133,0
34,0
48,0
7,0
90,0
47,0
128,0
122,0
53,0
79,0
119,0
36,0
39,0
38,0
74,0
5,0
133,0
122,0
47,0
36,0
147,0
88,0
67,0
29,0
100,0
11,0
47,0
113,0
8,0
17,0
71,0
2,0
142,0
128,0
151,0
2,0
0,0
29,0
133,0
117,0
73,0
64,0
142,0
93,0
137,0
139,0
45,0
133,0
73,0
104,0
145,0
141,0
105,0
41,0
10,0
79,0
7,0
144,0
25,0
16,0
45,0
31,0
34,0
145,0
110,0
24,0
98,0
104,0
108,0
39,0
66,0
91,0
58,0
27,0
71,0
123,0
51,0
115,0
5,0
14,0
126,0
146,0
131,0
75,0
140,0
127,0
140,0
66,0
65,0
146,0
126,0
94,0
21,0
89,0
120,0
103,0
3,0
140,0
66,0
133,0
58,0
119,0
68,0
110,0
10,0
17,0
93,0
58,0
56,0
85,0
151,0
121,0
22,0
137,0
53,0
80,0
133,0
5,0
133,0
88,0
59,0
30,0
29,0
90,0
16,0
113,0
124,0
133,0
112,0
122,0
18,0
94,0
97,0
130,0
133,0
73,0
127,0
133,0
133,0
63,0
116,0
46,0
40,0
85,0
19,0
134,0
139,0
82,0
71,0
134,0
47,0
9,0
6,0
141,0
88,0
39,0
46,0
147,0
143,0
75,0
133,0
144,0
145,0
4,0
87,0
142,0
145,0
101,0
111,0
16,0
10,0
19,0
51,0
63,0
2,0
117,0
52,0
61,0
133,0
135,0
148,0
13,0
24,0
88,0
105,0
14,0
37,0
94,0
71,0
70,0
5,0
14,0
138,0
24,0
122,0
67,0
47,0
81,0
105,0
58,0
133,0
59,0
140,0
16,0
129,0
2,0
119,0
6,0
28,0
78,0
106,0
30,0
136,0
46,0
133,0
142,0
108,0
7,0
77,0
87,0
2,0
1,0
69,0
28,0
42,0
88,0
51,0
142,0
133,0
71,0
82,0
1,0
32,0
123,0
76,0
112,0
139,0
69,0
49,0
112,0
87,0
96,0
133,0
57,0
151,0
41,0
149,0
17,0
102,0
34,0
39,0
99,0
66,0
21,0
35,0
2,0
47,0
131,0
133,0
97,0
66,0
32,0
54,0
10,0
69,0
122,0
112,0
136,0
85,0
144,0
92,0
34,0
88,0
112,0
104,0
82,0
137,0
133,0
89,0
16,0
73,0
15,0
123,0
28,0
77,0
80,0
30,0
142,0
49,0
140,0
76,0
133,0
117,0
150,0
128,0
122,0
99,0
42,0
23,0
67,0
4,0
88,0
122,0
137,0
114,0
42,0
140,0
98,0
114,0
117,0
5,0
31,0
122,0
24,0
124,0
29,0
106,0
66,0
52,0
142,0
122,0
100,0
67,0
125,0
142,0
54,0
86,0
29,0
25,0
43,0
118,0
130,0
130,0
24,0
4,0
111,0
29,0
126,0
77,0
84,0
97,0
61,0
138,0
82,0
116,0
142,0
127,0
66,0
48,0
54,0
71,0
10,0
52,0
30,0
101,0
77,0
114,0
15,0
23,0
86,0
38,0
72,0
14,0
68,0
130,0
122,0
59,0
89,0
142,0
58,0
95,0
49,0
123,0
144,0
13,0
103,0
85,0
36,0
9,0
122,0
147,0
29,0
12,0
24,0
90,0
95,0
133,0
54,0
108,0
94,0
72,0
34,0
55,0
154,0
90,0
31,0
76,0
65,0
39,0
16,0
10,0
122,0
41,0
18,0
142,0
132,0
45,0
122,0
127,0
114,0
124,0
54,0
88,0
65,0
47,0
46,0
66,0
133,0
26,0
35,0
4,0
5,0
144,0
117,0
133,0
135,0
142,0
70,0
133,0
93,0
127,0
144,0
45,0
37,0
135,0
101,0
6,0
63,0
1,0
134,0
54,0
81,0
145,0
77,0
34,0
7,0
27,0
5,0
118,0
27,0
36,0
107,0
5,0
59,0
133,0
12,0
116,0
133,0
26,0
133,0
88,0
153,0
71,0
19,0
26,0
39,0
137,0
27,0
149,0
78,0
6,0
133,0
37,0
42,0
49,0
79,0
22,0
92,0
91,0
133,0
122,0
134,0
102,0
92,0
123,0
10,0
139,0
152,0
112,0
109,0
103,0
153,0
58,0
133,0
46,0
3,0
46,0
145,0
105,0
62,0
42,0
123,0
148,0
47,0
82,0
14,0
143,0
68,0
12,0
47,0
142,0
12,0
130,0
104,0
13,0
13,0
70,0
84,0
13,0
48,0
133,0
50,0
109,0
117,0
123,0
12,0
44,0
150,0
21,0
15,0
44,0
148,0
34,0
148,0
2,0
7,0
133,0
113,0
10,0
33,0
82,0
48,0
40,0
78,0
19,0
122,0
60,0
47,0
12,0
126,0
8,0
102,0
77,0
27,0
54,0
108,0
25,0
24,0
4,0
77,0
88,0
102,0
120,0
57,0
125,0
134,0
42,0
17,0
25,0
28,0
17,0
127,0
53,0
130,0
25,0
17,0
133,0
133,0
48,0
107,0
128,0
24,0
121,0
69,0
127,0
85,0
30,0
142,0
28,0
133,0
19,0
89,0
133,0
5,0
106,0
20,0
102,0
131,0
142,0
108,0
84,0
36,0
36,0
66,0
34,0
103,0
88,0
119,0
98,0
119,0
3,0
79,0
41,0
128,0
95,0
59,0
23,0
62,0
136,0
45,0
111,0
13,0
52,0
22,0
34,0
61,0
128,0
39,0
133,0
46,0
70,0
73,0
73,0
141,0
46,0
142,0
119,0
61,0
37,0
28,0
124,0
112,0
137,0
61,0
150,0
97,0
11,0
114,0
17,0
130,0
147,0
103,0
94,0
46,0
2,0
59,0
85,0
24,0
133,0
15,0
5,0
1,0
4,0
11,0
15,0
31,0
105,0
38,0
125,0
138,0
146,0
108,0
127,0
91,0
71,0
122,0
127,0
76,0
140,0
145,0
146,0
118,0
85,0
17,0
66,0
133,0
111,0
60,0
45,0
39,0
118,0
35,0
55,0
99,0
65,0
93,0
150,0
111,0
56,0
25,0
120,0
150,0
35,0
31,0
124,0
139,0
70,0
130,0
50,0
74,0
138,0
56,0
51,0
40,0
14,0
125,0
90,0
146,0
133,0
5,0
139,0
80,0
2,0
86,0
7,0
150,0
44,0
17,0
133,0
96,0
15,0
4,0
63,0
8,0
111,0
151,0
130,0
47,0
143,0
54,0
19,0
98,0
6,0
88,0
33,0
136,0
100,0
36,0
70,0
46,0
87,0
7,0
150,0
69,0
43,0
19,0
110,0
131,0
10,0
0,0
2,0
1,0
18,0
123,0
82,0
23,0
8,0
133,0
17,0
37,0
100,0
101,0
133,0
109,0
133,0
133,0
41,0
137,0
145,0
50,0
35,0
47,0
123,0
95,0
129,0
4,0
5,0
30,0
45,0
142,0
120,0
132,0
45,0
66,0
34,0
59,0
84,0
137,0
18,0
128,0
97,0
122,0
25,0
46,0
150,0
3,0
142,0
151,0
67,0
57,0
137,0
46,0
71,0
148,0
71,0
134,0
89,0
7,0
36,0
50,0
68,0
92,0
134,0
68,0
14,0
141,0
80,0
134,0
70,0
17,0
43,0
143,0
14,0
1,0
134,0
46,0
36,0
71,0
74,0
112,0
53,0
36,0
18,0
48,0
72,0
122,0
33,0
15,0
116,0
16,0
12,0
49,0
25,0
4,0
88,0
145,0
48,0
1,0
25,0
7,0
52,0
62,0
27,0
67,0
109,0
142,0
26,0
18,0
30,0
74,0
137,0
72,0
104,0
79,0
105,0
62,0
74,0
123,0
81,0
12,0
33,0
26,0
23,0
125,0
133,0
17,0
88,0
97,0
58,0
34,0
2,0
23,0
89,0
30,0
131,0
20,0
60,0
83,0
133,0
89,0
46,0
74,0
112,0
80,0
25,0
31,0
114,0
128,0
29,0
109,0
142,0
83,0
18,0
49,0
57,0
12,0
101,0
10,0
10,0
82,0
69,0
128,0
68,0
96,0
47,0
88,0
61,0
35,0
19,0
56,0
119,0
105,0
4,0
51,0
40,0
18,0
80,0
122,0
91,0
5,0
29,0
11,0
82,0
4,0
137,0
145,0
143,0
21,0
122,0
45,0
82,0
86,0
142,0
87,0
104,0
125,0
17,0
122,0
59,0
33,0
133,0
57,0
141,0
25,0
55,0
128,0
137,0
16,0
29,0
117,0
46,0
45,0
93,0
33,0
129,0
8,0
125,0
60,0
67,0
0,0
92,0
71,0
3,0
49,0
91,0
36,0
142,0
96,0
0,0
0,0
148,0
102,0
124,0
54,0
39,0
21,0
29,0
41,0
64,0
68,0
26,0
77,0
108,0
125,0
20,0
114,0
6,0
57,0
2,0
7,0
30,0
136,0
15,0
26,0
0,0
26,0
142,0
144,0
4,0
34,0
133,0
85,0
116,0
91,0
88,0
69,0
133,0
91,0
54,0
7,0
142,0
13,0
97,0
119,0
116,0
100,0
106,0
134,0
47,0
26,0
142,0
133,0
73,0
131,0
148,0
70,0
87,0
136,0
57,0
117,0
60,0
150,0
14,0
41,0
99,0
104,0
22,0
75,0
79,0
30,0
100,0
28,0
133,0
148,0
109,0
111,0
136,0
5,0
26,0
66,0
74,0
37,0
146,0
31,0
149,0
58,0
116,0
2,0
37,0
30,0
7,0
104,0
119,0
142,0
88,0
128,0
108,0
110,0
57,0
142,0
45,0
130,0
23,0
53,0
94,0
18,0
151,0
128,0
133,0
105,0
20,0
150,0
148,0
40,0
105,0
143,0
55,0
42,0
86,0
30,0
41,0
12,0
142,0
73,0
137,0
26,0
144,0
101,0
14,0
145,0
135,0
104,0
1,0
133,0
22,0
151,0
77,0
115,0
93,0
105,0
27,0
145,0
125,0
66,0
17,0
102,0
148,0
58,0
142,0
16,0
41,0
21,0
143,0
36,0
133,0
12,0
139,0
80,0
143,0
49,0
69,0
87,0
88,0
105,0
21,0
104,0
132,0
150,0
44,0
46,0
119,0
101,0
11,0
102,0
12,0
1,0
29,0
145,0
100,0
29,0
44,0
1,0
104,0
77,0
150,0
64,0
138,0
142,0
100,0
8,0
47,0
130,0
117,0
134,0
101,0
133,0
24,0
26,0
144,0
122,0
71,0
18,0
28,0
6,0
76,0
29,0
127,0
114,0
136,0
120,0
96,0
35,0
116,0
45,0
95,0
11,0
137,0
3,0
95,0
20,0
24,0
133,0
46,0
38,0
126,0
106,0
11,0
38,0
124,0
70,0
13,0
100,0
98,0
64,0
132,0
10,0
30,0
70,0
11,0
57,0
22,0
61,0
110,0
49,0
60,0
107,0
129,0
125,0
6,0
49,0
141,0
8,0
138,0
73,0
19,0
129,0
23,0
33,0
63,0
135,0
29,0
58,0
36,0
117,0
54,0
104,0
128,0
0,0
23,0
9,0
121,0
15,0
133,0
39,0
98,0
136,0
106,0
55,0
131,0
8,0
3,0
3,0
112,0
128,0
95,0
94,0
68,0
2,0
46,0
120,0
88,0
52,0
133,0
133,0
111,0
142,0
123,0
103,0
136,0
67,0
27,0
66,0
25,0
77,0
48,0
118,0
133,0
57,0
55,0
48,0
143,0
142,0
150,0
59,0
138,0
134,0
22,0
66,0
130,0
150,0
149,0
54,0
109,0
64,0
23,0
53,0
54,0
20,0
1,0
28,0
133,0
29,0
92,0
128,0
10,0
11,0
134,0
133,0
140,0
131,0
6,0
49,0
103,0
119,0
137,0
46,0
114,0
78,0
84,0
49,0
116,0
8,0
30,0
151,0
128,0
148,0
107,0
92,0
2,0
114,0
6,0
152,0
5,0
137,0
17,0
49,0
138,0
20,0
142,0
29,0
35,0
41,0
43,0
66,0
141,0
143,0
131,0
101,0
98,0
143,0
82,0
68,0
149,0
108,0
141,0
106,0
117,0
56,0
152,0
140,0
133,0
111,0
117,0
116,0
31,0
39,0
35,0
133,0
96,0
5,0
33,0
74,0
63,0
49,0
55,0
26,0
91,0
8,0
142,0
97,0
55,0
62,0
37,0
29,0
79,0
49,0
18,0
78,0
56,0
58,0
92,0
30,0
69,0
97,0
8,0
103,0
89,0
145,0
46,0
95,0
82,0
116,0
12,0
33,0
42,0
31,0
53,0
79,0
16,0
146,0
10,0
3,0
66,0
8,0
10,0
82,0
46,0
46,0
29,0
35,0
99,0
33,0
72,0
128,0
8,0
5,0
133,0
90,0
83,0
124,0
107,0
47,0
115,0
25,0
120,0
26,0
11,0
5,0
93,0
132,0
84,0
87,0
104,0
51,0
5,0
106,0
8,0
66,0
29,0
39,0
10,0
17,0
112,0
56,0
90,0
133,0
51,0
133,0
36,0
37,0
44,0
25,0
100,0
6,0
19,0
142,0
121,0
113,0
128,0
29,0
51,0
124,0
117,0
10,0
148,0
135,0
150,0
84,0
117,0
138,0
61,0
92,0
4,0
27,0
31,0
56,0
1,0
60,0
128,0
134,0
31,0
2,0
129,0
97,0
93,0
65,0
150,0
134,0
102,0
55,0
3,0
125,0
15,0
133,0
10,0
133,0
146,0
141,0
133,0
2,0
35,0
145,0
4,0
14,0
18,0
94,0
73,0
33,0
88,0
107,0
149,0
146,0
133,0
84,0
46,0
123,0
45,0
14,0
117,0
133,0
116,0
43,0
46,0
56,0
75,0
111,0
35,0
89,0
20,0
127,0
95,0
108,0
57,0
133,0
38,0
127,0
151,0
47,0
47,0
106,0
73,0
126,0
82,0
27,0
3,0
91,0
132,0
88,0
52,0
92,0
116,0
1,0
82,0
23,0
29,0
80,0
78,0
45,0
48,0
50,0
144,0
133,0
92,0
82,0
55,0
123,0
94,0
46,0
88,0
129,0
40,0
2,0
29,0
37,0
17,0
30,0
128,0
114,0
145,0
138,0
127,0
31,0
61,0
133,0
12,0
129,0
134,0
129,0
133,0
75,0
1,0
47,0
45,0
48,0
115,0
130,0
10,0
23,0
128,0
3,0
65,0
78,0
122,0
48,0
78,0
134,0
90,0
50,0
142,0
73,0
2,0
16,0
47,0
85,0
114,0
134,0
63,0
68,0
34,0
67,0
133,0
71,0
124,0
115,0
6,0
10,0
102,0
108,0
129,0
3,0
82,0
80,0
132,0
39,0
142,0
100,0
99,0
2,0
123,0
88,0
123,0
93,0
47,0
30,0
7,0
17,0
138,0
13,0
97,0
49,0
12,0
79,0
61,0
120,0
99,0
53,0
32,0
46,0
24,0
48,0
60,0
71,0
5,0
36,0
150,0
128,0
101,0
69,0
26,0
71,0
8,0
65,0
118,0
69,0
63,0
14,0
17,0
102,0
57,0
142,0
145,0
129,0
96,0
131,0
5,0
9,0
36,0
46,0
9,0
133,0
10,0
42,0
8,0
47,0
17,0
69,0
100,0
71,0
49,0
142,0
36,0
101,0
13,0
131,0
29,0
68,0
38,0
13,0
131,0
45,0
142,0
105,0
150,0
89,0
6,0
44,0
94,0
85,0
9,0
57,0
123,0
117,0
120,0
63,0
148,0
127,0
118,0
113,0
128,0
128,0
47,0
57,0
86,0
36,0
88,0
80,0
79,0
133,0
117,0
41,0
76,0
34,0
130,0
133,0
37,0
34,0
79,0
24,0
131,0
21,0
73,0
111,0
134,0
23,0
92,0
23,0
86,0
17,0
133,0
123,0
46,0
94,0
18,0
25,0
36,0
12,0
133,0
46,0
33,0
133,0
38,0
29,0
108,0
19,0
58,0
133,0
118,0
83,0
91,0
129,0
112,0
104,0
140,0
133,0
93,0
135,0
30,0
121,0
71,0
12,0
42,0
62,0
46,0
70,0
106,0
94,0
126,0
64,0
20,0
110,0
135,0
24,0
105,0
56,0
71,0
51,0
109,0
57,0
130,0
133,0
34,0
133,0
97,0
106,0
46,0
54,0
73,0
3,0
133,0
7,0
131,0
45,0
65,0
146,0
142,0
122,0
72,0
128,0
111,0
129,0
122,0
133,0
109,0
48,0
46,0
97,0
4,0
74,0
13,0
140,0
124,0
143,0
30,0
107,0
0,0
42,0
73,0
32,0
7,0
86,0
151,0
23,0
106,0
148,0
111,0
5,0
51,0
23,0
43,0
140,0
50,0
86,0
124,0
117,0
74,0
28,0
133,0
84,0
44,0
104,0
153,0
122,0
48,0
113,0
23,0
55,0
23,0
133,0
117,0
54,0
111,0
30,0
122,0
136,0
33,0
132,0
151,0
145,0
66,0
50,0
139,0
71,0
79,0
109,0
24,0
111,0
68,0
53,0
4,0
122,0
150,0
17,0
133,0
69,0
20,0
3,0
79,0
106,0
15,0
53,0
145,0
145,0
95,0
7,0
67,0
50,0
90,0
124,0
65,0
119,0
78,0
54,0
126,0
25,0
133,0
78,0
117,0
111,0
46,0
86,0
118,0
4,0
144,0
135,0
18,0
43,0
74,0
37,0
103,0
93,0
118,0
46,0
143,0
133,0
127,0
79,0
58,0
145,0
9,0
11,0
16,0
114,0
27,0
149,0
122,0
122,0
43,0
43,0
111,0
75,0
48,0
8,0
139,0
85,0
55,0
133,0
39,0
133,0
14,0
30,0
52,0
41,0
24,0
66,0
117,0
46,0
127,0
142,0
118,0
32,0
47,0
83,0
147,0
133,0
68,0
46,0
41,0
108,0
116,0
12,0
56,0
8,0
123,0
55,0
113,0
77,0
146,0
101,0
128,0
57,0
147,0
120,0
142,0
5,0
82,0
55,0
88,0
47,0
118,0
104,0
42,0
64,0
43,0
33,0
133,0
132,0
129,0
133,0
68,0
133,0
120,0
100,0
91,0
144,0
101,0
69,0
133,0
12,0
136,0
144,0
66,0
85,0
136,0
33,0
42,0
66,0
154,0
151,0
150,0
98,0
26,0
74,0
1,0
9,0
54,0
58,0
12,0
124,0
109,0
29,0
46,0
57,0
19,0
54,0
29,0
66,0
133,0
133,0
84,0
128,0
57,0
59,0
111,0
62,0
107,0
110,0
108,0
141,0
142,0
46,0
71,0
17,0
6,0
134,0
7,0
142,0
96,0
93,0
90,0
48,0
46,0
97,0
134,0
83,0
27,0
140,0
19,0
81,0
21,0
2,0
107,0
148,0
128,0
140,0
133,0
129,0
133,0
37,0
13,0
69,0
4,0
5,0
104,0
24,0
16,0
125,0
149,0
57,0
35,0
98,0
144,0
129,0
87,0
8,0
111,0
10,0
149,0
88,0
82,0
114,0
111,0
108,0
108,0
19,0
99,0
10,0
56,0
113,0
26,0
107,0
19,0
128,0
94,0
133,0
120,0
21,0
20,0
35,0
115,0
145,0
97,0
47,0
83,0
52,0
128,0
12,0
29,0
135,0
18,0
142,0
110,0
122,0
127,0
59,0
150,0
150,0
52,0
88,0
11,0
111,0
129,0
146,0
5,0
31,0
130,0
42,0
22,0
36,0
146,0
142,0
88,0
146,0
127,0
22,0
45,0
88,0
78,0
128,0
112,0
46,0
20,0
92,0
130,0
39,0
139,0
46,0
128,0
100,0
29,0
107,0
57,0
120,0
64,0
42,0
85,0
38,0
79,0
15,0
11,0
135,0
142,0
88,0
151,0
68,0
103,0
7,0
60,0
6,0
67,0
71,0
127,0
47,0
62,0
54,0
103,0
140,0
48,0
79,0
85,0
0,0
33,0
47,0
154,0
33,0
133,0
12,0
48,0
2,0
9,0
37,0
54,0
18,0
23,0
8,0
103,0
27,0
28,0
51,0
140,0
143,0
113,0
52,0
133,0
87,0
127,0
23,0
130,0
148,0
87,0
135,0
127,0
34,0
47,0
88,0
138,0
42,0
72,0
23,0
44,0
18,0
137,0
133,0
127,0
87,0
2,0
89,0
46,0
107,0
82,0
126,0
34,0
50,0
101,0
74,0
133,0
108,0
106,0
90,0
27,0
146,0
4,0
93,0
100,0
71,0
10,0
18,0
37,0
135,0
82,0
0,0
14,0
56,0
92,0
133,0
122,0
40,0
133,0
19,0
59,0
95,0
31,0
151,0
133,0
44,0
133,0
72,0
4,0
146,0
125,0
142,0
110,0
81,0
11,0
131,0
77,0
142,0
56,0
142,0
30,0
28,0
54,0
28,0
17,0
100,0
105,0
47,0
46,0
88,0
99,0
83,0
89,0
107,0
6,0
70,0
127,0
74,0
129,0
97,0
57,0
72,0
5,0
142,0
119,0
33,0
131,0
98,0
133,0
1,0
109,0
136,0
7,0
34,0
148,0
103,0
119,0
90,0
39,0
131,0
10,0
133,0
12,0
98,0
70,0
69,0
31,0
9,0
34,0
142,0
33,0
47,0
12,0
52,0
70,0
0,0
0,0
131,0
125,0
4,0
63,0
31,0
119,0
34,0
105,0
143,0
131,0
111,0
86,0
117,0
110,0
131,0
77,0
142,0
0,0
112,0
133,0
62,0
46,0
82,0
94,0
141,0
141,0
50,0
128,0
19,0
84,0
151,0
127,0
79,0
114,0
114,0
6,0
75,0
103,0
97,0
146,0
19,0
118,0
98,0
26,0
3,0
70,0
74,0
61,0
18,0
143,0
142,0
12,0
78,0
140,0
46,0
130,0
72,0
2,0
81,0
75,0
10,0
80,0
50,0
111,0
133,0
127,0
31,0
37,0
37,0
59,0
91,0
128,0
142,0
95,0
12,0
84,0
48,0
36,0
59,0
148,0
127,0
39,0
32,0
10,0
151,0
59,0
69,0
59,0
97,0
7,0
43,0
142,0
24,0
117,0
79,0
136,0
152,0
18,0
54,0
123,0
12,0
64,0
133,0
85,0
144,0
150,0
36,0
2,0
133,0
57,0
35,0
8,0
12,0
9,0
64,0
138,0
132,0
133,0
141,0
52,0
76,0
133,0
134,0
101,0
76,0
127,0
149,0
125,0
151,0
68,0
123,0
6,0
87,0
23,0
6,0
13,0
91,0
123,0
77,0
41,0
24,0
49,0
118,0
80,0
69,0
130,0
56,0
23,0
20,0
57,0
30,0
41,0
57,0
17,0
37,0
82,0
128,0
42,0
40,0
142,0
44,0
48,0
138,0
102,0
88,0
84,0
46,0
5,0
96,0
147,0
128,0
100,0
119,0
24,0
61,0
98,0
119,0
69,0
33,0
139,0
130,0
154,0
43,0
26,0
130,0
10,0
81,0
14,0
102,0
44,0
57,0
133,0
58,0
38,0
150,0
17,0
10,0
14,0
8,0
106,0
13,0
74,0
142,0
116,0
40,0
42,0
56,0
34,0
135,0
30,0
24,0
143,0
118,0
49,0
57,0
97,0
3,0
141,0
122,0
29,0
61,0
77,0
68,0
85,0
108,0
73,0
28,0
86,0
122,0
12,0
68,0
0,0
93,0
46,0
27,0
53,0
133,0
67,0
40,0
138,0
142,0
126,0
103,0
46,0
47,0
1,0
47,0
153,0
74,0
130,0
51,0
37,0
122,0
112,0
120,0
133,0
140,0
54,0
92,0
78,0
45,0
84,0
20,0
9,0
135,0
37,0
2,0
148,0
49,0
11,0
123,0
34,0
142,0
57,0
128,0
8,0
60,0
142,0
80,0
91,0
138,0
92,0
39,0
133,0
68,0
92,0
5,0
88,0
67,0
35,0
57,0
52,0
57,0
40,0
17,0
63,0
23,0
11,0
71,0
126,0
122,0
122,0
121,0
31,0
67,0
15,0
29,0
106,0
72,0
104,0
72,0
153,0
3,0
118,0
120,0
128,0
30,0
110,0
132,0
82,0
34,0
87,0
129,0
14,0
64,0
150,0
99,0
125,0
142,0
71,0
123,0
18,0
51,0
93,0
46,0
142,0
110,0
9,0
67,0
99,0
84,0
72,0
56,0
44,0
33,0
98,0
150,0
48,0
154,0
151,0
29,0
31,0
22,0
117,0
1,0
49,0
128,0
133,0
99,0
13,0
31,0
24,0
29,0
54,0
2,0
136,0
88,0
140,0
110,0
121,0
53,0
133,0
78,0
152,0
19,0
54,0
0,0
44,0
123,0
108,0
37,0
46,0
50,0
30,0
142,0
122,0
141,0
114,0
69,0
60,0
24,0
92,0
68,0
111,0
64,0
30,0
81,0
8,0
59,0
126,0
128,0
35,0
133,0
31,0
88,0
102,0
133,0
0,0
11,0
46,0
128,0
16,0
55,0
64,0
22,0
23,0
53,0
137,0
136,0
7,0
28,0
72,0
142,0
47,0
55,0
136,0
144,0
128,0
120,0
129,0
95,0
4,0
93,0
124,0
138,0
0,0
44,0
73,0
8,0
71,0
57,0
122,0
61,0
26,0
88,0
101,0
25,0
108,0
45,0
67,0
22,0
70,0
49,0
123,0
110,0
41,0
117,0
37,0
141,0
126,0
140,0
47,0
88,0
68,0
23,0
150,0
36,0
121,0
133,0
145,0
56,0
1,0
24,0
58,0
142,0
33,0
113,0
39,0
44,0
107,0
68,0
102,0
59,0
69,0
96,0
142,0
110,0
68,0
51,0
145,0
3,0
20,0
122,0
64,0
46,0
114,0
28,0
97,0
31,0
4,0
116,0
54,0
146,0
88,0
130,0
43,0
99,0
144,0
56,0
97,0
28,0
61,0
1,0
44,0
7,0
108,0
142,0
38,0
119,0
15,0
67,0
133,0
103,0
44,0
39,0
106,0
113,0
30,0
46,0
23,0
24,0
127,0
133,0
29,0
41,0
147,0
133,0
68,0
104,0
90,0
49,0
132,0
133,0
133,0
151,0
34,0
44,0
96,0
34,0
114,0
101,0
130,0
59,0
23,0
104,0
58,0
97,0
45,0
2,0
135,0
29,0
60,0
117,0
144,0
132,0
0,0
59,0
122,0
87,0
105,0
103,0
5,0
67,0
107,0
152,0
133,0
128,0
84,0
137,0
5,0
26,0
38,0
89,0
108,0
114,0
48,0
19,0
122,0
73,0
57,0
53,0
31,0
133,0
52,0
122,0
3,0
112,0
70,0
110,0
129,0
133,0
28,0
111,0
20,0
82,0
32,0
94,0
66,0
85,0
116,0
32,0
86,0
108,0
49,0
139,0
11,0
67,0
136,0
135,0
111,0
122,0
9,0
9,0
81,0
46,0
131,0
49,0
122,0
86,0
133,0
142,0
71,0
133,0
13,0
2,0
2,0
63,0
52,0
143,0
76,0
109,0
58,0
118,0
75,0
133,0
126,0
104,0
117,0
150,0
83,0
78,0
42,0
43,0
121,0
29,0
132,0
39,0
133,0
133,0
7,0
133,0
67,0
99,0
125,0
121,0
98,0
46,0
102,0
31,0
10,0
68,0
31,0
28,0
48,0
23,0
33,0
65,0
126,0
12,0
57,0
50,0
45,0
55,0
128,0
8,0
144,0
98,0
58,0
119,0
107,0
8,0
99,0
128,0
118,0
88,0
106,0
51,0
125,0
65,0
3,0
134,0
102,0
13,0
115,0
140,0
20,0
28,0
52,0
13,0
133,0
71,0
111,0
87,0
71,0
9,0
88,0
101,0
134,0
142,0
47,0
32,0
115,0
137,0
72,0
138,0
117,0
121,0
130,0
68,0
72,0
3,0
134,0
26,0
117,0
2,0
134,0
124,0
4,0
48,0
16,0
22,0
133,0
46,0
120,0
69,0
33,0
60,0
129,0
45,0
128,0
36,0
4,0
85,0
100,0
41,0
115,0
56,0
103,0
148,0
16,0
8,0
11,0
92,0
86,0
120,0
88,0
40,0
62,0
60,0
38,0
66,0
88,0
29,0
99,0
146,0
136,0
136,0
47,0
125,0
47,0
12,0
118,0
133,0
108,0
89,0
53,0
86,0
69,0
117,0
34,0
128,0
5,0
133,0
131,0
111,0
51,0
72,0
11,0
142,0
54,0
78,0
22,0
68,0
18,0
142,0
66,0
56,0
78,0
36,0
66,0
150,0
127,0
133,0
120,0
11,0
6,0
2,0
111,0
101,0
130,0
4,0
133,0
56,0
95,0
62,0
50,0
20,0
4,0
97,0
7,0
121,0
130,0
18,0
142,0
116,0
25,0
77,0
126,0
101,0
35,0
56,0
123,0
71,0
49,0
66,0
33,0
128,0
128,0
16,0
119,0
85,0
142,0
16,0
65,0
23,0
123,0
133,0
33,0
24,0
65,0
72,0
6,0
92,0
12,0
4,0
98,0
108,0
107,0
62,0
106,0
135,0
140,0
74,0
140,0
127,0
