114,0
131,0
37,0
43,0
74,0
120,0
66,0
53,0
37,0
128,0
91,0
88,0
146,0
35,0
74,0
64,0
110,0
134,0
145,0
136,0
42,0
106,0
1,0
136,0
5,0
108,0
102,0
111,0
77,0
75,0
54,0
142,0
90,0
113,0
47,0
99,0
115,0
78,0
5,0
144,0
45,0
143,0
24,0
83,0
128,0
38,0
133,0
13,0
14,0
13,0
17,0
114,0
30,0
47,0
81,0
144,0
134,0
63,0
150,0
57,0
149,0
98,0
42,0
47,0
111,0
57,0
29,0
53,0
88,0
16,0
83,0
68,0
43,0
87,0
148,0
51,0
10,0
76,0
60,0
143,0
128,0
127,0
52,0
39,0
140,0
58,0
66,0
5,0
7,0
88,0
100,0
147,0
88,0
129,0
9,0
143,0
48,0
74,0
47,0
32,0
62,0
130,0
63,0
56,0
19,0
128,0
47,0
38,0
137,0
5,0
21,0
124,0
7,0
118,0
104,0
128,0
47,0
118,0
86,0
31,0
113,0
92,0
36,0
126,0
121,0
112,0
7,0
145,0
36,0
45,0
74,0
123,0
69,0
47,0
17,0
77,0
44,0
46,0
119,0
5,0
134,0
19,0
36,0
23,0
55,0
145,0
127,0
14,0
46,0
140,0
20,0
55,0
54,0
89,0
21,0
143,0
128,0
95,0
79,0
30,0
90,0
146,0
27,0
42,0
29,0
148,0
20,0
122,0
145,0
47,0
123,0
82,0
28,0
103,0
14,0
48,0
129,0
104,0
40,0
119,0
142,0
89,0
108,0
87,0
69,0
7,0
81,0
37,0
26,0
33,0
47,0
118,0
82,0
127,0
138,0
108,0
89,0
23,0
109,0
136,0
39,0
123,0
70,0
22,0
72,0
150,0
120,0
142,0
22,0
54,0
13,0
66,0
50,0
126,0
84,0
8,0
34,0
10,0
27,0
52,0
10,0
27,0
101,0
1,0
93,0
48,0
88,0
120,0
60,0
47,0
8,0
87,0
10,0
101,0
123,0
151,0
105,0
24,0
144,0
89,0
143,0
7,0
31,0
101,0
107,0
41,0
123,0
140,0
131,0
47,0
19,0
88,0
146,0
45,0
145,0
130,0
13,0
33,0
56,0
130,0
1,0
25,0
70,0
42,0
28,0
41,0
117,0
144,0
41,0
25,0
116,0
99,0
31,0
141,0
16,0
77,0
66,0
57,0
8,0
111,0
50,0
57,0
7,0
128,0
48,0
110,0
14,0
29,0
3,0
148,0
34,0
142,0
41,0
43,0
101,0
150,0
134,0
37,0
69,0
72,0
129,0
130,0
75,0
72,0
65,0
82,0
4,0
101,0
63,0
20,0
33,0
101,0
21,0
77,0
16,0
154,0
97,0
22,0
83,0
30,0
2,0
54,0
133,0
54,0
88,0
44,0
17,0
123,0
62,0
85,0
99,0
95,0
43,0
108,0
14,0
88,0
42,0
84,0
94,0
69,0
30,0
30,0
78,0
79,0
36,0
31,0
128,0
61,0
22,0
63,0
6,0
19,0
112,0
150,0
31,0
7,0
136,0
149,0
150,0
9,0
34,0
101,0
18,0
46,0
23,0
6,0
10,0
136,0
37,0
36,0
36,0
5,0
59,0
96,0
144,0
91,0
54,0
118,0
128,0
147,0
7,0
13,0
37,0
46,0
142,0
75,0
137,0
144,0
45,0
57,0
57,0
95,0
111,0
95,0
133,0
129,0
142,0
144,0
83,0
47,0
72,0
71,0
19,0
5,0
17,0
47,0
42,0
98,0
0,0
124,0
130,0
22,0
126,0
10,0
7,0
47,0
29,0
111,0
95,0
142,0
45,0
82,0
11,0
52,0
45,0
142,0
66,0
21,0
80,0
38,0
3,0
69,0
35,0
102,0
99,0
14,0
34,0
70,0
13,0
36,0
48,0
151,0
45,0
56,0
80,0
97,0
123,0
130,0
123,0
137,0
69,0
33,0
133,0
126,0
61,0
21,0
36,0
80,0
46,0
122,0
137,0
123,0
15,0
46,0
150,0
57,0
150,0
30,0
61,0
30,0
133,0
25,0
36,0
97,0
57,0
2,0
128,0
6,0
47,0
24,0
110,0
1,0
33,0
47,0
123,0
126,0
65,0
30,0
75,0
4,0
27,0
140,0
34,0
16,0
139,0
86,0
59,0
142,0
11,0
58,0
109,0
122,0
7,0
30,0
145,0
97,0
51,0
4,0
47,0
51,0
142,0
140,0
15,0
11,0
117,0
54,0
85,0
129,0
145,0
111,0
52,0
53,0
36,0
53,0
34,0
84,0
103,0
108,0
31,0
66,0
102,0
39,0
27,0
38,0
63,0
67,0
28,0
30,0
6,0
64,0
57,0
123,0
60,0
71,0
134,0
81,0
13,0
119,0
107,0
48,0
47,0
40,0
111,0
23,0
113,0
135,0
46,0
96,0
67,0
65,0
59,0
83,0
3,0
30,0
143,0
69,0
4,0
130,0
31,0
54,0
74,0
82,0
2,0
68,0
89,0
47,0
33,0
52,0
4,0
8,0
9,0
35,0
142,0
64,0
75,0
109,0
75,0
127,0
124,0
52,0
12,0
107,0
68,0
76,0
75,0
36,0
45,0
30,0
68,0
59,0
122,0
59,0
129,0
1,0
128,0
121,0
4,0
99,0
149,0
126,0
59,0
36,0
54,0
23,0
9,0
8,0
126,0
53,0
47,0
16,0
145,0
113,0
114,0
40,0
47,0
6,0
94,0
50,0
81,0
140,0
53,0
10,0
127,0
57,0
47,0
59,0
121,0
87,0
128,0
1,0
22,0
47,0
126,0
77,0
133,0
90,0
45,0
122,0
72,0
66,0
116,0
117,0
102,0
56,0
43,0
124,0
79,0
35,0
87,0
63,0
34,0
123,0
69,0
29,0
116,0
122,0
136,0
64,0
33,0
18,0
53,0
28,0
34,0
95,0
67,0
128,0
136,0
120,0
105,0
150,0
7,0
109,0
6,0
53,0
64,0
136,0
142,0
53,0
72,0
33,0
105,0
133,0
122,0
47,0
38,0
41,0
87,0
105,0
127,0
143,0
88,0
54,0
43,0
151,0
79,0
148,0
88,0
8,0
7,0
46,0
40,0
77,0
32,0
14,0
6,0
137,0
120,0
25,0
124,0
45,0
63,0
100,0
106,0
59,0
137,0
127,0
50,0
123,0
18,0
40,0
26,0
30,0
22,0
118,0
56,0
129,0
127,0
142,0
123,0
144,0
37,0
20,0
95,0
71,0
142,0
28,0
115,0
36,0
133,0
47,0
9,0
113,0
128,0
111,0
143,0
93,0
134,0
124,0
128,0
98,0
48,0
132,0
93,0
47,0
29,0
20,0
100,0
13,0
23,0
122,0
47,0
47,0
41,0
128,0
135,0
40,0
98,0
113,0
115,0
47,0
51,0
96,0
7,0
115,0
33,0
133,0
2,0
91,0
0,0
143,0
37,0
100,0
121,0
151,0
29,0
120,0
46,0
66,0
63,0
139,0
143,0
32,0
9,0
57,0
46,0
90,0
54,0
26,0
55,0
27,0
36,0
105,0
1,0
142,0
37,0
82,0
7,0
92,0
124,0
47,0
47,0
53,0
58,0
136,0
89,0
134,0
21,0
29,0
21,0
23,0
136,0
80,0
81,0
88,0
106,0
126,0
100,0
8,0
8,0
8,0
78,0
47,0
38,0
80,0
132,0
74,0
11,0
30,0
0,0
33,0
16,0
46,0
85,0
127,0
111,0
66,0
26,0
110,0
127,0
145,0
145,0
47,0
101,0
26,0
104,0
88,0
33,0
12,0
125,0
131,0
47,0
33,0
16,0
85,0
118,0
137,0
47,0
21,0
60,0
31,0
70,0
103,0
62,0
69,0
127,0
6,0
132,0
67,0
128,0
46,0
122,0
110,0
9,0
95,0
150,0
11,0
57,0
47,0
127,0
64,0
124,0
105,0
34,0
46,0
8,0
47,0
28,0
131,0
96,0
26,0
0,0
65,0
48,0
73,0
101,0
75,0
107,0
62,0
140,0
20,0
101,0
136,0
90,0
126,0
114,0
79,0
61,0
109,0
37,0
64,0
87,0
88,0
128,0
99,0
32,0
115,0
78,0
133,0
64,0
85,0
107,0
45,0
11,0
93,0
145,0
80,0
64,0
31,0
12,0
118,0
131,0
53,0
73,0
21,0
81,0
15,0
125,0
79,0
100,0
35,0
142,0
133,0
15,0
65,0
36,0
16,0
48,0
83,0
95,0
144,0
39,0
141,0
128,0
108,0
77,0
87,0
105,0
113,0
72,0
148,0
119,0
12,0
115,0
119,0
31,0
87,0
4,0
14,0
59,0
143,0
95,0
61,0
34,0
72,0
111,0
115,0
124,0
117,0
128,0
111,0
114,0
41,0
74,0
32,0
42,0
47,0
98,0
122,0
21,0
76,0
31,0
74,0
20,0
138,0
88,0
29,0
77,0
34,0
105,0
17,0
93,0
84,0
123,0
4,0
23,0
121,0
64,0
133,0
88,0
48,0
7,0
90,0
47,0
128,0
47,0
53,0
79,0
64,0
36,0
39,0
38,0
74,0
5,0
47,0
128,0
67,0
36,0
22,0
88,0
37,0
136,0
100,0
114,0
47,0
113,0
8,0
17,0
71,0
37,0
142,0
128,0
142,0
2,0
0,0
6,0
47,0
117,0
139,0
64,0
142,0
93,0
142,0
139,0
45,0
47,0
73,0
119,0
142,0
141,0
105,0
38,0
9,0
79,0
7,0
13,0
25,0
37,0
38,0
31,0
34,0
145,0
110,0
24,0
98,0
42,0
108,0
26,0
55,0
91,0
58,0
27,0
142,0
151,0
50,0
115,0
30,0
145,0
34,0
130,0
131,0
75,0
129,0
127,0
140,0
151,0
138,0
94,0
126,0
94,0
21,0
89,0
120,0
103,0
3,0
17,0
66,0
133,0
103,0
31,0
68,0
110,0
126,0
60,0
90,0
58,0
56,0
84,0
138,0
121,0
61,0
49,0
53,0
74,0
47,0
59,0
81,0
88,0
59,0
30,0
6,0
90,0
16,0
140,0
122,0
133,0
112,0
123,0
18,0
94,0
97,0
135,0
123,0
73,0
52,0
132,0
123,0
63,0
102,0
6,0
43,0
85,0
17,0
134,0
139,0
82,0
7,0
94,0
47,0
33,0
122,0
126,0
133,0
151,0
46,0
147,0
143,0
85,0
133,0
67,0
34,0
4,0
134,0
47,0
30,0
139,0
99,0
16,0
10,0
129,0
32,0
29,0
37,0
105,0
147,0
61,0
135,0
135,0
135,0
14,0
24,0
88,0
105,0
14,0
144,0
94,0
128,0
70,0
63,0
14,0
49,0
24,0
122,0
70,0
47,0
81,0
99,0
103,0
47,0
17,0
17,0
16,0
129,0
34,0
119,0
6,0
8,0
78,0
106,0
30,0
136,0
7,0
47,0
123,0
108,0
7,0
77,0
90,0
2,0
28,0
69,0
142,0
42,0
88,0
51,0
142,0
47,0
71,0
90,0
35,0
30,0
123,0
76,0
119,0
139,0
68,0
54,0
112,0
87,0
133,0
47,0
47,0
71,0
41,0
149,0
17,0
102,0
34,0
39,0
99,0
20,0
17,0
145,0
2,0
47,0
131,0
133,0
97,0
22,0
44,0
53,0
10,0
69,0
53,0
112,0
136,0
88,0
11,0
92,0
34,0
89,0
112,0
104,0
82,0
46,0
47,0
89,0
16,0
121,0
15,0
123,0
141,0
77,0
83,0
24,0
139,0
138,0
140,0
85,0
47,0
19,0
139,0
128,0
88,0
99,0
42,0
118,0
45,0
4,0
132,0
124,0
128,0
114,0
38,0
140,0
135,0
114,0
117,0
136,0
31,0
142,0
24,0
128,0
6,0
106,0
29,0
6,0
142,0
128,0
100,0
67,0
22,0
47,0
7,0
90,0
6,0
25,0
118,0
43,0
130,0
79,0
150,0
4,0
111,0
66,0
126,0
77,0
84,0
97,0
60,0
49,0
82,0
115,0
47,0
127,0
66,0
57,0
49,0
66,0
60,0
49,0
30,0
112,0
146,0
114,0
33,0
23,0
148,0
39,0
72,0
37,0
38,0
97,0
136,0
23,0
146,0
123,0
58,0
87,0
20,0
123,0
14,0
125,0
103,0
85,0
43,0
28,0
122,0
49,0
121,0
145,0
36,0
90,0
134,0
47,0
54,0
144,0
94,0
72,0
126,0
110,0
28,0
82,0
26,0
76,0
50,0
39,0
15,0
142,0
49,0
40,0
47,0
89,0
132,0
150,0
123,0
128,0
19,0
122,0
54,0
85,0
129,0
118,0
56,0
29,0
47,0
26,0
145,0
4,0
30,0
144,0
16,0
47,0
130,0
150,0
70,0
133,0
93,0
26,0
2,0
45,0
19,0
135,0
101,0
6,0
49,0
142,0
134,0
54,0
81,0
14,0
77,0
6,0
7,0
44,0
149,0
19,0
27,0
36,0
107,0
66,0
59,0
133,0
39,0
116,0
47,0
72,0
47,0
88,0
0,0
142,0
19,0
26,0
39,0
136,0
48,0
149,0
132,0
6,0
47,0
64,0
102,0
49,0
79,0
22,0
92,0
91,0
47,0
33,0
134,0
102,0
133,0
128,0
10,0
126,0
152,0
112,0
109,0
103,0
42,0
58,0
132,0
17,0
29,0
142,0
142,0
105,0
64,0
42,0
4,0
94,0
47,0
81,0
14,0
111,0
61,0
12,0
28,0
142,0
12,0
130,0
104,0
13,0
13,0
67,0
76,0
13,0
30,0
133,0
50,0
109,0
117,0
47,0
12,0
44,0
150,0
21,0
15,0
44,0
76,0
34,0
148,0
150,0
7,0
47,0
38,0
10,0
33,0
148,0
48,0
108,0
78,0
19,0
124,0
60,0
47,0
12,0
126,0
8,0
102,0
77,0
27,0
54,0
108,0
25,0
27,0
4,0
77,0
148,0
102,0
120,0
57,0
65,0
75,0
42,0
17,0
46,0
28,0
140,0
69,0
53,0
74,0
22,0
5,0
133,0
123,0
25,0
107,0
128,0
18,0
121,0
70,0
127,0
130,0
30,0
142,0
28,0
47,0
19,0
89,0
47,0
49,0
106,0
60,0
102,0
133,0
123,0
118,0
84,0
36,0
18,0
66,0
35,0
72,0
142,0
119,0
98,0
114,0
63,0
148,0
38,0
128,0
95,0
42,0
23,0
3,0
142,0
45,0
143,0
22,0
52,0
22,0
34,0
61,0
128,0
116,0
88,0
46,0
65,0
73,0
73,0
126,0
46,0
128,0
119,0
61,0
37,0
7,0
123,0
112,0
137,0
2,0
66,0
97,0
11,0
119,0
149,0
95,0
10,0
103,0
97,0
109,0
19,0
59,0
88,0
125,0
132,0
15,0
5,0
1,0
52,0
11,0
15,0
31,0
99,0
38,0
65,0
138,0
86,0
108,0
127,0
94,0
71,0
128,0
25,0
76,0
140,0
145,0
146,0
118,0
85,0
140,0
66,0
47,0
111,0
60,0
1,0
41,0
118,0
145,0
143,0
99,0
65,0
93,0
42,0
107,0
46,0
25,0
120,0
63,0
145,0
31,0
122,0
139,0
116,0
95,0
50,0
87,0
136,0
56,0
9,0
117,0
14,0
28,0
90,0
146,0
47,0
142,0
139,0
74,0
37,0
93,0
7,0
150,0
44,0
17,0
88,0
96,0
15,0
51,0
13,0
102,0
111,0
52,0
18,0
63,0
143,0
4,0
120,0
98,0
6,0
47,0
18,0
7,0
32,0
36,0
70,0
53,0
87,0
7,0
150,0
39,0
43,0
19,0
110,0
131,0
124,0
37,0
44,0
1,0
18,0
52,0
76,0
30,0
28,0
123,0
17,0
120,0
109,0
101,0
47,0
6,0
47,0
133,0
40,0
137,0
57,0
50,0
35,0
47,0
47,0
95,0
129,0
4,0
115,0
30,0
45,0
47,0
120,0
91,0
45,0
20,0
34,0
59,0
84,0
128,0
18,0
128,0
134,0
123,0
25,0
123,0
43,0
3,0
47,0
136,0
67,0
48,0
126,0
100,0
71,0
95,0
128,0
134,0
89,0
4,0
36,0
50,0
72,0
86,0
87,0
68,0
14,0
141,0
133,0
97,0
70,0
17,0
118,0
143,0
14,0
28,0
134,0
6,0
41,0
50,0
74,0
112,0
46,0
36,0
18,0
48,0
43,0
128,0
33,0
15,0
116,0
16,0
12,0
52,0
25,0
4,0
88,0
142,0
8,0
35,0
25,0
7,0
122,0
62,0
27,0
67,0
109,0
142,0
26,0
47,0
30,0
87,0
137,0
72,0
104,0
97,0
105,0
62,0
74,0
47,0
95,0
12,0
33,0
26,0
150,0
125,0
47,0
115,0
88,0
79,0
149,0
47,0
4,0
23,0
89,0
30,0
131,0
127,0
59,0
83,0
133,0
77,0
50,0
87,0
72,0
80,0
27,0
37,0
114,0
128,0
29,0
38,0
145,0
83,0
18,0
142,0
57,0
29,0
101,0
126,0
124,0
74,0
116,0
128,0
68,0
96,0
47,0
88,0
61,0
127,0
43,0
56,0
115,0
105,0
150,0
29,0
40,0
18,0
80,0
123,0
91,0
122,0
50,0
11,0
82,0
136,0
30,0
47,0
114,0
21,0
122,0
9,0
92,0
110,0
88,0
78,0
104,0
47,0
61,0
145,0
59,0
33,0
47,0
64,0
127,0
25,0
114,0
128,0
137,0
55,0
71,0
117,0
50,0
25,0
93,0
61,0
26,0
8,0
6,0
60,0
37,0
65,0
92,0
128,0
30,0
49,0
91,0
56,0
138,0
96,0
0,0
36,0
133,0
102,0
122,0
29,0
39,0
21,0
52,0
23,0
30,0
68,0
26,0
77,0
108,0
0,0
66,0
114,0
54,0
57,0
2,0
7,0
30,0
128,0
15,0
26,0
0,0
39,0
142,0
129,0
4,0
1,0
123,0
85,0
39,0
91,0
88,0
71,0
133,0
91,0
128,0
151,0
42,0
122,0
97,0
49,0
42,0
100,0
110,0
134,0
47,0
26,0
28,0
47,0
73,0
85,0
133,0
67,0
87,0
70,0
57,0
117,0
60,0
150,0
150,0
40,0
99,0
104,0
58,0
75,0
98,0
3,0
22,0
8,0
47,0
148,0
109,0
111,0
100,0
5,0
26,0
49,0
77,0
37,0
148,0
0,0
11,0
58,0
39,0
2,0
39,0
30,0
7,0
104,0
116,0
42,0
88,0
128,0
125,0
139,0
6,0
6,0
125,0
130,0
3,0
46,0
148,0
145,0
9,0
128,0
98,0
105,0
20,0
150,0
74,0
42,0
105,0
111,0
110,0
42,0
74,0
149,0
124,0
12,0
69,0
73,0
9,0
26,0
154,0
106,0
35,0
145,0
135,0
104,0
1,0
47,0
22,0
49,0
77,0
115,0
90,0
105,0
27,0
14,0
68,0
7,0
5,0
102,0
148,0
42,0
142,0
16,0
40,0
21,0
143,0
62,0
84,0
12,0
139,0
135,0
143,0
29,0
46,0
87,0
98,0
105,0
109,0
104,0
132,0
142,0
44,0
46,0
119,0
143,0
11,0
102,0
12,0
1,0
122,0
126,0
100,0
142,0
44,0
68,0
104,0
81,0
3,0
36,0
20,0
142,0
100,0
8,0
70,0
77,0
117,0
88,0
101,0
96,0
24,0
149,0
117,0
128,0
71,0
47,0
48,0
128,0
135,0
54,0
127,0
114,0
136,0
55,0
93,0
35,0
116,0
45,0
130,0
11,0
136,0
3,0
75,0
20,0
70,0
47,0
127,0
38,0
142,0
106,0
139,0
38,0
122,0
65,0
13,0
100,0
98,0
64,0
132,0
10,0
30,0
116,0
149,0
57,0
113,0
61,0
110,0
4,0
61,0
59,0
26,0
125,0
53,0
49,0
46,0
46,0
138,0
73,0
117,0
129,0
22,0
33,0
66,0
148,0
6,0
58,0
36,0
117,0
54,0
143,0
151,0
24,0
23,0
9,0
71,0
13,0
123,0
111,0
134,0
101,0
106,0
101,0
74,0
47,0
126,0
3,0
123,0
128,0
95,0
130,0
68,0
2,0
127,0
120,0
88,0
136,0
47,0
88,0
111,0
150,0
124,0
103,0
30,0
37,0
27,0
66,0
68,0
20,0
38,0
118,0
97,0
33,0
55,0
27,0
106,0
10,0
24,0
59,0
98,0
95,0
62,0
136,0
98,0
150,0
12,0
54,0
109,0
64,0
46,0
46,0
54,0
22,0
1,0
28,0
133,0
66,0
92,0
128,0
52,0
99,0
97,0
97,0
12,0
131,0
6,0
50,0
103,0
118,0
136,0
122,0
114,0
78,0
84,0
49,0
116,0
8,0
64,0
151,0
128,0
148,0
107,0
92,0
2,0
110,0
53,0
152,0
5,0
55,0
140,0
69,0
142,0
20,0
123,0
49,0
6,0
31,0
43,0
30,0
127,0
143,0
87,0
101,0
135,0
114,0
92,0
68,0
149,0
108,0
151,0
106,0
117,0
56,0
152,0
72,0
47,0
111,0
117,0
115,0
31,0
39,0
35,0
47,0
96,0
5,0
57,0
74,0
94,0
49,0
55,0
26,0
91,0
33,0
142,0
97,0
125,0
62,0
37,0
150,0
76,0
110,0
18,0
78,0
56,0
109,0
92,0
30,0
99,0
94,0
8,0
23,0
89,0
144,0
46,0
130,0
83,0
116,0
12,0
33,0
42,0
31,0
151,0
79,0
16,0
95,0
9,0
29,0
20,0
8,0
33,0
80,0
46,0
141,0
29,0
35,0
99,0
33,0
150,0
122,0
48,0
21,0
133,0
76,0
83,0
124,0
46,0
42,0
41,0
25,0
120,0
129,0
11,0
5,0
133,0
131,0
84,0
94,0
105,0
32,0
150,0
106,0
48,0
49,0
29,0
39,0
123,0
115,0
139,0
35,0
90,0
47,0
137,0
133,0
47,0
67,0
8,0
72,0
30,0
122,0
19,0
34,0
121,0
113,0
33,0
29,0
51,0
124,0
31,0
28,0
74,0
135,0
150,0
84,0
117,0
128,0
137,0
96,0
4,0
27,0
17,0
56,0
1,0
60,0
50,0
97,0
37,0
111,0
129,0
133,0
93,0
65,0
55,0
94,0
102,0
55,0
3,0
64,0
15,0
47,0
10,0
47,0
97,0
128,0
47,0
2,0
35,0
150,0
20,0
14,0
18,0
133,0
16,0
33,0
34,0
107,0
20,0
146,0
47,0
84,0
6,0
53,0
45,0
14,0
122,0
123,0
116,0
57,0
128,0
56,0
75,0
111,0
35,0
89,0
20,0
9,0
77,0
37,0
44,0
132,0
38,0
127,0
127,0
70,0
125,0
106,0
73,0
126,0
84,0
27,0
3,0
91,0
132,0
47,0
52,0
92,0
116,0
1,0
76,0
22,0
29,0
134,0
78,0
45,0
48,0
50,0
144,0
47,0
92,0
82,0
144,0
122,0
94,0
57,0
86,0
129,0
41,0
55,0
4,0
37,0
17,0
30,0
128,0
114,0
33,0
138,0
49,0
19,0
61,0
123,0
12,0
129,0
134,0
129,0
47,0
75,0
1,0
47,0
45,0
48,0
113,0
130,0
142,0
6,0
128,0
9,0
62,0
146,0
141,0
48,0
78,0
134,0
90,0
50,0
142,0
73,0
2,0
16,0
125,0
85,0
114,0
94,0
71,0
68,0
142,0
67,0
47,0
29,0
124,0
115,0
6,0
10,0
102,0
30,0
129,0
21,0
148,0
146,0
132,0
69,0
150,0
55,0
105,0
70,0
124,0
88,0
122,0
131,0
47,0
66,0
32,0
31,0
138,0
35,0
88,0
49,0
12,0
79,0
61,0
120,0
107,0
53,0
10,0
128,0
40,0
48,0
60,0
71,0
5,0
129,0
150,0
10,0
101,0
29,0
26,0
71,0
48,0
52,0
118,0
128,0
63,0
14,0
17,0
102,0
57,0
47,0
145,0
129,0
82,0
87,0
121,0
49,0
36,0
46,0
9,0
123,0
25,0
48,0
48,0
142,0
113,0
6,0
46,0
46,0
136,0
142,0
50,0
101,0
1,0
132,0
50,0
62,0
38,0
13,0
131,0
45,0
128,0
105,0
33,0
94,0
7,0
9,0
134,0
85,0
10,0
57,0
128,0
117,0
120,0
63,0
135,0
9,0
118,0
113,0
122,0
137,0
47,0
32,0
93,0
47,0
84,0
80,0
57,0
148,0
149,0
41,0
76,0
114,0
130,0
123,0
37,0
142,0
130,0
24,0
93,0
53,0
73,0
33,0
134,0
23,0
134,0
62,0
87,0
17,0
47,0
122,0
51,0
134,0
18,0
25,0
44,0
69,0
47,0
123,0
114,0
34,0
68,0
69,0
108,0
19,0
58,0
148,0
117,0
96,0
91,0
20,0
112,0
120,0
117,0
47,0
93,0
135,0
30,0
3,0
71,0
57,0
42,0
62,0
46,0
70,0
149,0
94,0
126,0
62,0
20,0
110,0
98,0
69,0
116,0
56,0
129,0
52,0
59,0
33,0
44,0
47,0
34,0
47,0
134,0
143,0
46,0
54,0
73,0
21,0
47,0
7,0
93,0
142,0
65,0
130,0
20,0
122,0
22,0
128,0
70,0
129,0
46,0
94,0
109,0
48,0
151,0
79,0
4,0
79,0
13,0
55,0
128,0
143,0
103,0
107,0
0,0
44,0
139,0
8,0
7,0
95,0
151,0
22,0
110,0
148,0
111,0
22,0
51,0
149,0
43,0
140,0
50,0
86,0
124,0
117,0
88,0
28,0
47,0
84,0
44,0
112,0
154,0
123,0
100,0
113,0
6,0
55,0
23,0
47,0
149,0
49,0
111,0
61,0
143,0
137,0
33,0
132,0
51,0
145,0
66,0
50,0
149,0
71,0
94,0
103,0
24,0
111,0
68,0
53,0
54,0
126,0
31,0
17,0
34,0
68,0
60,0
3,0
133,0
106,0
34,0
53,0
128,0
142,0
95,0
7,0
124,0
121,0
81,0
46,0
121,0
119,0
78,0
54,0
150,0
10,0
47,0
78,0
19,0
111,0
46,0
86,0
118,0
7,0
144,0
94,0
142,0
140,0
76,0
37,0
103,0
93,0
5,0
46,0
55,0
34,0
126,0
89,0
58,0
22,0
9,0
46,0
16,0
129,0
27,0
114,0
49,0
122,0
43,0
127,0
111,0
75,0
48,0
28,0
139,0
95,0
111,0
47,0
39,0
131,0
145,0
30,0
9,0
43,0
24,0
66,0
117,0
46,0
126,0
142,0
118,0
7,0
36,0
96,0
145,0
47,0
68,0
6,0
38,0
108,0
116,0
23,0
56,0
33,0
128,0
55,0
113,0
77,0
148,0
101,0
142,0
66,0
147,0
120,0
52,0
55,0
82,0
101,0
85,0
47,0
118,0
104,0
42,0
64,0
38,0
33,0
133,0
132,0
43,0
47,0
68,0
123,0
120,0
100,0
91,0
61,0
55,0
99,0
88,0
12,0
126,0
144,0
66,0
85,0
136,0
33,0
33,0
66,0
145,0
128,0
46,0
98,0
26,0
74,0
61,0
25,0
151,0
58,0
51,0
52,0
21,0
4,0
46,0
100,0
117,0
54,0
29,0
4,0
47,0
47,0
84,0
128,0
30,0
59,0
111,0
27,0
107,0
143,0
102,0
128,0
88,0
46,0
128,0
149,0
6,0
134,0
7,0
142,0
135,0
93,0
74,0
28,0
60,0
133,0
134,0
96,0
27,0
12,0
19,0
81,0
21,0
2,0
107,0
146,0
37,0
140,0
88,0
114,0
47,0
37,0
13,0
69,0
50,0
34,0
104,0
24,0
16,0
125,0
127,0
57,0
72,0
98,0
11,0
129,0
87,0
42,0
111,0
33,0
149,0
86,0
150,0
114,0
111,0
29,0
108,0
41,0
99,0
33,0
9,0
113,0
119,0
107,0
117,0
128,0
75,0
75,0
113,0
46,0
20,0
16,0
115,0
30,0
148,0
88,0
135,0
71,0
122,0
12,0
29,0
135,0
34,0
142,0
110,0
132,0
141,0
59,0
101,0
139,0
57,0
88,0
91,0
33,0
26,0
130,0
5,0
31,0
133,0
42,0
66,0
36,0
130,0
124,0
88,0
94,0
123,0
22,0
45,0
88,0
78,0
128,0
112,0
127,0
20,0
92,0
95,0
37,0
139,0
6,0
151,0
48,0
29,0
107,0
57,0
120,0
64,0
42,0
85,0
26,0
97,0
15,0
11,0
135,0
47,0
84,0
151,0
23,0
102,0
7,0
60,0
6,0
67,0
142,0
124,0
47,0
62,0
42,0
58,0
140,0
48,0
79,0
89,0
0,0
33,0
45,0
154,0
57,0
47,0
12,0
28,0
2,0
9,0
37,0
54,0
33,0
23,0
33,0
103,0
62,0
27,0
51,0
140,0
143,0
113,0
52,0
87,0
78,0
127,0
23,0
97,0
133,0
78,0
135,0
37,0
34,0
43,0
88,0
72,0
42,0
72,0
22,0
44,0
47,0
137,0
47,0
127,0
74,0
16,0
130,0
124,0
107,0
74,0
128,0
34,0
121,0
101,0
87,0
47,0
108,0
106,0
86,0
27,0
130,0
7,0
74,0
100,0
71,0
9,0
18,0
34,0
135,0
131,0
0,0
14,0
46,0
92,0
94,0
128,0
40,0
84,0
40,0
59,0
95,0
26,0
136,0
47,0
53,0
47,0
72,0
6,0
146,0
0,0
142,0
110,0
81,0
12,0
131,0
77,0
47,0
56,0
138,0
30,0
127,0
154,0
28,0
5,0
100,0
114,0
47,0
46,0
128,0
99,0
83,0
89,0
104,0
6,0
70,0
127,0
94,0
139,0
133,0
126,0
72,0
14,0
150,0
119,0
33,0
93,0
132,0
47,0
62,0
108,0
138,0
4,0
34,0
94,0
109,0
119,0
90,0
31,0
131,0
10,0
47,0
147,0
98,0
70,0
70,0
31,0
9,0
22,0
123,0
33,0
47,0
145,0
25,0
37,0
0,0
36,0
78,0
125,0
128,0
63,0
31,0
39,0
118,0
105,0
143,0
131,0
111,0
74,0
117,0
143,0
80,0
77,0
88,0
0,0
101,0
47,0
65,0
128,0
82,0
97,0
141,0
47,0
50,0
51,0
129,0
81,0
151,0
10,0
130,0
114,0
114,0
6,0
88,0
118,0
123,0
110,0
19,0
118,0
98,0
26,0
142,0
71,0
89,0
61,0
144,0
143,0
88,0
126,0
87,0
140,0
46,0
130,0
72,0
20,0
81,0
75,0
9,0
80,0
49,0
111,0
47,0
127,0
69,0
12,0
2,0
103,0
91,0
128,0
47,0
95,0
35,0
84,0
9,0
50,0
59,0
97,0
127,0
39,0
32,0
10,0
17,0
59,0
68,0
139,0
97,0
7,0
17,0
142,0
24,0
16,0
131,0
136,0
152,0
36,0
151,0
123,0
12,0
43,0
47,0
77,0
15,0
150,0
124,0
2,0
133,0
126,0
35,0
8,0
12,0
9,0
70,0
138,0
132,0
133,0
141,0
53,0
76,0
47,0
134,0
101,0
76,0
145,0
149,0
29,0
142,0
68,0
121,0
6,0
78,0
21,0
6,0
17,0
91,0
53,0
130,0
40,0
24,0
37,0
49,0
80,0
30,0
134,0
36,0
23,0
20,0
57,0
30,0
150,0
57,0
5,0
37,0
82,0
128,0
59,0
39,0
142,0
44,0
48,0
138,0
102,0
88,0
84,0
123,0
5,0
96,0
128,0
128,0
9,0
119,0
24,0
60,0
135,0
119,0
20,0
33,0
139,0
130,0
145,0
43,0
26,0
130,0
60,0
81,0
14,0
102,0
44,0
57,0
132,0
58,0
38,0
108,0
17,0
9,0
21,0
28,0
106,0
13,0
148,0
47,0
116,0
149,0
42,0
56,0
34,0
135,0
103,0
24,0
145,0
118,0
52,0
48,0
88,0
64,0
126,0
126,0
104,0
61,0
98,0
68,0
85,0
104,0
73,0
28,0
134,0
123,0
12,0
108,0
9,0
93,0
122,0
27,0
128,0
88,0
67,0
43,0
43,0
70,0
126,0
103,0
124,0
36,0
1,0
47,0
110,0
76,0
97,0
6,0
37,0
136,0
112,0
120,0
47,0
129,0
52,0
92,0
78,0
45,0
85,0
69,0
9,0
135,0
43,0
19,0
89,0
49,0
11,0
123,0
34,0
88,0
57,0
46,0
10,0
139,0
142,0
80,0
132,0
17,0
92,0
39,0
133,0
49,0
92,0
5,0
88,0
37,0
55,0
33,0
6,0
47,0
24,0
140,0
63,0
23,0
12,0
142,0
138,0
124,0
136,0
121,0
31,0
19,0
144,0
29,0
106,0
72,0
104,0
72,0
42,0
3,0
118,0
120,0
128,0
23,0
110,0
132,0
96,0
34,0
87,0
32,0
14,0
0,0
124,0
143,0
47,0
142,0
71,0
122,0
33,0
51,0
93,0
46,0
142,0
110,0
48,0
67,0
73,0
88,0
72,0
56,0
42,0
26,0
98,0
100,0
48,0
153,0
128,0
29,0
31,0
30,0
113,0
127,0
138,0
128,0
133,0
99,0
13,0
31,0
45,0
4,0
49,0
2,0
136,0
88,0
118,0
101,0
121,0
53,0
106,0
78,0
152,0
19,0
49,0
1,0
44,0
46,0
108,0
67,0
46,0
50,0
128,0
47,0
53,0
51,0
114,0
145,0
60,0
118,0
92,0
68,0
111,0
64,0
64,0
94,0
46,0
59,0
126,0
128,0
34,0
47,0
31,0
88,0
102,0
47,0
0,0
11,0
46,0
128,0
65,0
55,0
30,0
22,0
23,0
122,0
54,0
136,0
7,0
25,0
72,0
52,0
47,0
143,0
136,0
144,0
128,0
144,0
3,0
43,0
154,0
131,0
7,0
67,0
0,0
44,0
99,0
8,0
108,0
57,0
122,0
63,0
19,0
133,0
101,0
9,0
43,0
62,0
65,0
23,0
39,0
49,0
50,0
110,0
41,0
72,0
19,0
141,0
48,0
16,0
47,0
88,0
60,0
22,0
150,0
36,0
3,0
133,0
142,0
56,0
1,0
12,0
58,0
123,0
9,0
113,0
39,0
68,0
107,0
68,0
18,0
66,0
65,0
96,0
47,0
110,0
68,0
44,0
34,0
3,0
33,0
128,0
36,0
53,0
114,0
51,0
97,0
31,0
49,0
116,0
54,0
85,0
88,0
130,0
40,0
99,0
144,0
56,0
97,0
8,0
20,0
1,0
44,0
7,0
108,0
128,0
41,0
113,0
15,0
70,0
133,0
32,0
68,0
39,0
106,0
113,0
30,0
127,0
23,0
24,0
127,0
47,0
29,0
141,0
137,0
88,0
69,0
104,0
90,0
150,0
132,0
75,0
47,0
151,0
34,0
44,0
135,0
34,0
113,0
101,0
130,0
117,0
23,0
20,0
58,0
97,0
131,0
128,0
135,0
29,0
60,0
117,0
13,0
132,0
0,0
30,0
53,0
78,0
105,0
112,0
115,0
67,0
107,0
66,0
47,0
122,0
84,0
20,0
72,0
55,0
38,0
94,0
24,0
114,0
8,0
2,0
122,0
107,0
48,0
123,0
64,0
94,0
52,0
142,0
3,0
112,0
64,0
110,0
119,0
47,0
9,0
111,0
20,0
74,0
100,0
75,0
29,0
85,0
115,0
32,0
131,0
112,0
49,0
143,0
101,0
128,0
136,0
135,0
114,0
142,0
12,0
9,0
81,0
127,0
93,0
49,0
124,0
86,0
123,0
150,0
49,0
133,0
139,0
2,0
2,0
62,0
49,0
114,0
76,0
107,0
58,0
43,0
75,0
123,0
136,0
39,0
117,0
59,0
83,0
77,0
42,0
40,0
23,0
29,0
132,0
39,0
47,0
133,0
30,0
75,0
67,0
99,0
45,0
121,0
98,0
123,0
102,0
150,0
10,0
125,0
39,0
28,0
47,0
23,0
47,0
65,0
126,0
12,0
57,0
50,0
145,0
55,0
128,0
28,0
144,0
98,0
103,0
55,0
64,0
8,0
105,0
122,0
55,0
76,0
106,0
51,0
125,0
65,0
3,0
134,0
13,0
13,0
20,0
23,0
142,0
28,0
52,0
13,0
133,0
142,0
111,0
87,0
6,0
9,0
97,0
101,0
134,0
142,0
47,0
32,0
115,0
137,0
72,0
121,0
115,0
4,0
87,0
68,0
72,0
20,0
89,0
27,0
117,0
37,0
134,0
124,0
29,0
48,0
63,0
22,0
47,0
46,0
120,0
69,0
34,0
60,0
149,0
121,0
128,0
36,0
129,0
75,0
121,0
41,0
115,0
107,0
58,0
79,0
144,0
33,0
11,0
92,0
74,0
149,0
133,0
40,0
36,0
143,0
38,0
3,0
88,0
29,0
99,0
74,0
128,0
126,0
47,0
68,0
57,0
128,0
118,0
133,0
30,0
75,0
53,0
91,0
69,0
117,0
123,0
128,0
5,0
47,0
131,0
114,0
53,0
72,0
11,0
142,0
54,0
78,0
127,0
55,0
47,0
142,0
89,0
56,0
78,0
36,0
22,0
150,0
127,0
47,0
106,0
55,0
46,0
19,0
33,0
144,0
130,0
142,0
133,0
56,0
95,0
62,0
50,0
13,0
46,0
97,0
6,0
121,0
79,0
18,0
142,0
116,0
25,0
95,0
126,0
101,0
35,0
9,0
39,0
71,0
100,0
66,0
33,0
51,0
128,0
15,0
119,0
85,0
124,0
16,0
65,0
12,0
123,0
47,0
33,0
24,0
142,0
72,0
6,0
92,0
11,0
55,0
82,0
108,0
107,0
68,0
106,0
97,0
140,0
80,0
140,0
127,0
